   h    k    l      d (Å)      F(real)      F(imag)          |F|         2θ          I    M ID(λ) Phase
   1    0    0   5.766430    -2.274002    -0.068095      2.27502   15.35337    0.02166    6     1     1
   1    0    0   5.766430    -2.274806    -0.068368      2.27583   15.39078    0.01078    6     2     1
   1    0    1   4.990647   -19.476532    -0.301850      19.4789   17.75797    2.35770   12     1     1
   0    0    2   4.981000     4.736958     0.137747      4.73896   17.79264    0.02317    2     1     1
   1    0    1   4.990647   -19.576487    -0.303150      19.5788   17.80133    1.18503   12     2     1
   0    0    2   4.981000     4.740825     0.138303      4.74284   17.83608    0.01154    2     2     1
   1    0    2   3.769444     1.852976     0.058937      1.85391   23.58323    0.01186   12     1     1
   1    0    2   3.769444     1.853803     0.059173      1.85475   23.64117    0.00591   12     2     1
   1    1    0   3.329250   -13.730107    29.994405      32.9876   26.75576    0.72007    3     1     1
  -1   -1    0   3.329250   -14.636638   -29.251473       32.709   26.75576    0.70796    3     1     1
   1    1    0   3.329250   -14.010692    30.478127      33.5442   26.82177    0.37035    3     2     1
  -1   -1    0   3.329250   -14.919978   -29.732732      33.2662   26.82177    0.36424    3     2     1
   2    0    0   2.883215     2.428255     0.077426      2.42949   30.99137    0.00571    6     1     1
   1    0    3   2.877635    24.859455     0.505288      24.8646   31.05298    1.19089   12     1     1
   2    0    0   2.883215     2.431048     0.077739      2.43229   31.06832    0.00285    6     2     1
   1    0    3   2.877635    24.985291     0.507426      24.9904   31.13009    0.59829   12     2     1
   2    0    1   2.769552    62.656129     1.806727      62.6822   32.29730    6.95338   12     1     1
   1    1    2   2.767900   122.513781    75.098743      143.699   32.31710   18.24779    6     1     1
  -1   -1    2   2.767900   128.363543   -64.685485      143.741   32.31710   18.25837    6     1     1
   2    0    1   2.769552    62.801937     1.814096      62.8281   32.37766    3.47418   12     2     1
   1    1    2   2.767900   122.253069    74.972440      143.411   32.39752    9.03861    6     2     1
  -1   -1    2   2.767900   128.125995   -64.517926      143.453   32.39752    9.04396    6     2     1
   2    0    2   2.495323    -2.412538    -0.090084      2.41422   35.96133    0.00816   12     1     1
   0    0    4   2.490500   172.261251     7.286011      172.415   36.03337    6.90871    2     1     1
   2    0    2   2.495323    -2.412026    -0.090445      2.41372   36.05141    0.00406   12     2     1
   0    0    4   2.490500   171.927330     7.314891      172.083   36.12364    3.42221    2     2     1
   1    0    4   2.286369    -2.141066    -0.074292      2.14235   39.37723    0.00526   12     1     1
   1    0    4   2.286369    -2.143402    -0.074591       2.1447   39.47655    0.00262   12     2     1
   2    1    0   2.179506     0.176953     2.516662      2.52288   41.39415    0.00326    6     1     1
  -2   -1    0   2.179506     0.380160    -2.494264      2.52307   41.39415    0.00326    6     1     1
   2    0    3   2.177092   -43.510920    -1.415078      43.5339   41.44215    1.93901   12     1     1
   2    1    0   2.179506     0.176356     2.514658      2.52083   41.49902    0.00162    6     2     1
  -2   -1    0   2.179506     0.380373    -2.492170      2.52103   41.49902    0.00162    6     2     1
   2    0    3   2.177092   -43.603736    -1.420830      43.6269   41.54716    0.96816   12     2     1
   2    1    1   2.129145   -38.871303   -21.623702       44.481   42.41993    1.92136   12     1     1
  -2   -1    1   2.129145    40.591056   -19.207665      44.9062   42.41993    1.95826   12     1     1
   2    1    1   2.129145   -38.988877   -21.602235      44.5734   42.52765    0.95920   12     2     1
  -2   -1    1   2.129145    40.715470   -19.176301      45.0053   42.52765    0.97788   12     2     1
   2    1    2   1.996723    -1.711331    -3.067430      3.51252   45.38438    0.01029   12     1     1
  -2   -1    2   1.996723    -1.946893     2.921259      3.51058   45.38438    0.01028   12     1     1
   1    1    4   1.994249   199.131485  -317.575030      374.843   45.44382   58.42800    6     1     1
  -1   -1    4   1.994249   178.144442   329.860908      374.892   45.44382   58.44314    6     1     1
   2    1    2   1.996723    -1.710546    -3.067921      3.51256   45.50045    0.00512   12     2     1
  -2   -1    2   1.996723    -1.947052     2.921165      3.51059   45.50045    0.00511   12     2     1
   1    1    4   1.994249   199.676606  -318.430396      375.857   45.56007   29.20324    6     2     1
  -1   -1    4   1.994249   178.603900   330.766397      375.907   45.56007   29.21091    6     2     1
   3    0    0   1.922143   512.208121    17.430834      512.505   47.24998  100.00000    6     1     1
   3    0    0   1.922143   513.415973    17.501750      513.714   47.37140   49.94472    6     2     1
   3    0    1   1.887333     1.097241     0.043440       1.0981   48.17612    0.00088   12     1     1
   2    0    4   1.884722     0.437616     0.028359     0.438534   48.24710    0.00014   12     1     1
   1    0    5   1.883161   -19.820803    -0.485934      19.8268   48.28965    0.28489   12     1     1
   3    0    1   1.887333     1.097571     0.043615      1.09844   48.30022    0.00044   12     2     1
   2    0    4   1.884722     0.433392     0.028469     0.434326   48.37141    0.00007   12     2     1
   1    0    5   1.883161   -19.945132    -0.487993      19.9511   48.41408    0.14340   12     2     1
  -2   -1    3   1.822091   -34.933938    34.555361      49.1371   50.01717    1.61542   12     1     1
   2    1    3   1.822091    32.221946    36.772940      48.8928   50.01717    1.59939   12     1     1
  -2   -1    3   1.822091   -35.046415    34.592500      49.2432   50.14667    0.80644   12     2     1
   2    1    3   1.822091    32.323485    36.819155      48.9945   50.14667    0.79831   12     2     1
   3    0    2   1.793254     6.261496     0.232313       6.2658   50.87830    0.02527   12     1     1
   3    0    2   1.793254     6.271922     0.233253      6.27626   51.01035    0.01260   12     2     1
   2    2    0   1.664625   -13.026550   -23.071760      26.4952   55.12872    0.09409    3     1     1
  -2   -2    0   1.664625   -12.928846    23.205625      26.5642   55.12872    0.09458    3     1     1
   3    0    3   1.663549    -1.015585    -0.042590      1.01648   55.16742    0.00055   12     1     1
   2    2    0   1.664625   -13.293385   -23.517443      27.0145   55.27364    0.04861    3     2     1
  -2   -2    0   1.664625   -13.196100    23.651359      27.0836   55.27364    0.04886    3     2     1
   0    0    6   1.660333     4.129026     0.157353      4.13202   55.28339    0.00152    2     1     1
   3    0    3   1.663549    -1.015846    -0.042760      1.01675   55.31245    0.00028   12     2     1
   0    0    6   1.660333     4.136992     0.157990      4.14001   55.42879    0.00076    2     2     1
   2    1    4   1.640141    -1.151702     3.487176      3.67244   56.02348    0.00697   12     1     1
  -2   -1    4   1.640141    -0.867480    -3.545616      3.65019   56.02348    0.00689   12     1     1
   2    0    5   1.639112    36.710780     1.366380      36.7362   56.06176    0.69646   12     1     1
   2    1    4   1.640141    -1.158391     3.490730      3.67792   56.17117    0.00348   12     2     1
  -2   -1    4   1.640141    -0.873024    -3.549416       3.6552   56.17117    0.00343   12     2     1
   2    0    5   1.639112    36.800640     1.371935      36.8262   56.20957    0.34785   12     2     1
   3    1    0   1.599320    -3.887654    -0.859710      3.98158   57.58513    0.00385    6     1     1
  -3   -1    0   1.599320    -3.945070     0.545877      3.98266   57.58513    0.00385    6     1     1
   1    0    6   1.595513     2.949858     0.111984      2.95198   57.73547    0.00421   12     1     1
   3    1    0   1.599320    -3.893214    -0.861117      3.98731   57.73771    0.00192    6     2     1
  -3   -1    0   1.599320    -3.950861     0.546017      3.98841   57.73771    0.00192    6     2     1
   1    0    6   1.595513     2.956986     0.112439      2.95912   57.88852    0.00210   12     2     1
   3    1    1   1.579100    -4.411992   -11.029152      11.8789   58.39313    0.06641   12     1     1
  -3   -1    1   1.579100     5.459699   -10.286243      11.6454   58.39313    0.06383   12     1     1
   2    2    2   1.578793    90.225629   -40.176757      98.7666   58.40556    2.29442    6     1     1
  -2   -2    2   1.578793    85.700727    48.899119      98.6698   58.40556    2.28993    6     1     1
   3    1    1   1.579100    -4.339256   -11.003712      11.8284   58.54827    0.03273   12     2     1
  -3   -1    1   1.579100     5.391110   -10.257957      11.5883   58.54827    0.03141   12     2     1
   2    2    2   1.578793    89.995989   -40.014181      98.4907   58.56074    1.13401    6     2     1
  -2   -2    2   1.578793    85.453227    48.771047      98.3914   58.56074    1.13173    6     2     1
   3    1    2   1.522751     0.897021     0.063857     0.899291   60.77671    0.00035   12     1     1
  -3   -1    2   1.522751     0.909381     0.002134     0.909383   60.77671    0.00036   12     1     1
   3    0    4   1.521653   121.201057     6.037881      121.351   60.82521    6.32510   12     1     1
   3    1    2   1.522751     0.900306     0.061741     0.902421   60.93952    0.00017   12     2     1
  -3   -1    2   1.522751     0.912712     0.004520     0.912723   60.93952    0.00018   12     2     1
   3    0    4   1.521653   120.892230     6.061785      121.044   60.98818    3.12787   12     2     1
   1    1    6   1.485813    99.713914    61.720648       117.27   62.45459    2.78537    6     1     1
  -1   -1    6   1.485813   105.388293   -51.539446      117.316   62.45459    2.78753    6     1     1
   1    1    6   1.485813    99.470382    61.600029          117   62.62292    1.37807    6     2     1
  -1   -1    6   1.485813   105.167233   -51.378468      117.047   62.62292    1.37917    6     2     1
  -2   -1    5   1.470546    29.840865   -29.995521      42.3109   63.17721    0.70706   12     1     1
   2    1    5   1.470546   -27.197216   -32.140025      42.1031   63.17721    0.70014   12     1     1
  -2   -1    5   1.470546    29.950869   -30.030562      42.4133   63.34795    0.35315   12     2     1
   2    1    5   1.470546   -27.296559   -32.183846      42.2007   63.34795    0.34962   12     2     1
   4    0    0   1.441608    -7.004383    -0.302701      7.01092   64.59718    0.00925    6     1     1
   3    1    3   1.440908    -8.703087    23.363730      24.9321   64.63233    0.23363   12     1     1
  -3   -1    3   1.440908     6.712840    23.540443      24.4789   64.63233    0.22521   12     1     1
   2    0    6   1.438817     0.146638    -0.012461     0.147166   64.73771    0.00001   12     1     1
   4    0    0   1.441608    -7.012813    -0.303921       7.0194   64.77270    0.00461    6     2     1
   3    1    3   1.440908    -8.837885    23.400759      25.0141   64.80797    0.11690   12     2     1
  -3   -1    3   1.440908     6.839598    23.578418      24.5504   64.80797    0.11260   12     2     1
   2    0    6   1.438817     0.156161    -0.012502     0.156661   64.91371    0.00000   12     2     1
   4    0    1   1.426746    26.541907     1.308777      26.5742   65.35330    0.25914   12     1     1
   4    0    1   1.426746    26.496492     1.313978      26.5291   65.53140    0.12838   12     2     1
   4    0    2   1.384776     3.820006     0.165308      3.82358   67.59518    0.00499   12     1     1
   2    2    4   1.383950   126.197782   240.469722      271.572   67.64097   12.57924    6     1     1
  -2   -2    4   1.383950   144.984241  -229.587419      271.534   67.64097   12.57570    6     1     1
   3    0    5   1.383332     0.902921     0.041713     0.903884   67.67530    0.00028   12     1     1
   1    0    7   1.381686    10.227475     0.296964      10.2318   67.76681    0.03557   12     1     1
   4    0    2   1.384776     3.826751     0.165976      3.83035   67.78105    0.00249   12     2     1
   2    2    4   1.383950   126.622059   241.313786      272.517   67.82700    6.29720    6     2     1
  -2   -2    4   1.383950   145.485259  -230.387053      272.478   67.82700    6.29539    6     2     1
   3    0    5   1.383332     0.903156     0.041880     0.904126   67.86145    0.00014   12     2     1
   1    0    7   1.381686    10.321836     0.298239      10.3261   67.95328    0.01801   12     2     1
   3    1    4   1.345735    -3.112255    -1.229971      3.34648   69.83527    0.00358   12     1     1
  -3   -1    4   1.345735    -3.203901     0.946405      3.34076   69.83527    0.00356   12     1     1
   3    1    4   1.345735    -3.116417    -1.233676      3.35172   70.02911    0.00178   12     2     1
  -3   -1    4   1.345735    -3.208435     0.948966      3.34583   70.02911    0.00178   12     2     1
   3    2    0   1.322910    -0.174909    -1.477096      1.48742   71.22133    0.00034    6     1     1
  -3   -2    0   1.322910    -0.333508     1.452052      1.48986   71.22133    0.00034    6     1     1
   4    0    3   1.322370    -6.829002    -0.582277      6.85378   71.25487    0.01441   12     1     1
   2    1    6   1.320753     0.234043    -2.861815      2.87137   71.35544    0.00252   12     1     1
  -2   -1    6   1.320753    -0.030143     2.843951      2.84411   71.35544    0.00247   12     1     1
   3    2    0   1.322910    -0.174410    -1.472127      1.48242   71.42022    0.00017    6     2     1
  -3   -2    0   1.322910    -0.333636     1.446984      1.48495   71.42022    0.00017    6     2     1
   4    0    3   1.322370    -6.688320    -0.584481      6.71381   71.45388    0.00688   12     2     1
   2    1    6   1.320753     0.242218    -2.864493      2.87472   71.55482    0.00126   12     2     1
  -2   -1    6   1.320753    -0.023031     2.846571      2.84666   71.55482    0.00123   12     2     1
   3    2    1   1.311397   -52.919221    17.030010       55.592   71.94346    0.93043   12     1     1
  -3   -2    1   1.311397    50.979758    21.490234      55.3242   71.94346    0.92149   12     1     1
   3    2    1   1.311397   -53.075648    16.997697       55.731   72.14501    0.46501   12     2     1
  -3   -2    1   1.311397    51.128458    21.476063      55.4558   72.14501    0.46043   12     2     1
   3    2    2   1.278583    -2.039999     2.646962      3.34186   74.09269    0.00318   12     1     1
  -3   -2    2   1.278583    -1.778074    -2.846135       3.3559   74.09269    0.00321   12     1     1
   2    0    7   1.276150   -40.528968    -1.744519      40.5665   74.25772    0.46649   12     1     1
   3    2    2   1.278583    -2.036970     2.648580      3.34129   74.30232    0.00158   12     2     1
  -3   -2    2   1.278583    -1.773992    -2.848545      3.35578   74.30232    0.00159   12     2     1
   2    0    7   1.276150   -40.669295    -1.751634       40.707   74.46798    0.23364   12     2     1
   4    1    0   1.258338    -6.508825    16.332395      17.5816   75.49079    0.04252    6     1     1
  -4   -1    0   1.258338    -6.288093   -16.119331      17.3024   75.49079    0.04118    6     1     1
   3    0    6   1.256481     5.433984     0.245759      5.43954   75.62195    0.00811   12     1     1
   4    1    0   1.258338    -6.760392    16.742863      18.0562   75.70579    0.02231    6     2     1
  -4   -1    0   1.258338    -6.538030   -16.529401      17.7755   75.70579    0.02162    6     2     1
   3    0    6   1.256481     5.447765     0.246755      5.45335   75.83747    0.00406   12     2     1
   4    1    1   1.248418    -0.964789    -1.913050      2.14256   76.19738    0.00124   12     1     1
  -4   -1    1   1.248418     1.148027    -1.809374      2.14285   76.19738    0.00124   12     1     1
   4    0    4   1.247662    -4.894335    -0.241442      4.90029   76.25188    0.00649   12     1     1
   3    1    5   1.247208     7.042488   -20.502782      21.6786   76.28456    0.12690   12     1     1
  -3   -1    5   1.247208    -5.111563   -20.674178      21.2967   76.28456    0.12247   12     1     1
   4    1    1   1.248418    -0.964821    -1.913788      2.14324   76.41514    0.00062   12     2     1
  -4   -1    1   1.248418     1.148794    -1.809696      2.14353   76.41514    0.00062   12     2     1
   0    0    8   1.245250   405.852436    18.204735      406.261   76.42616    7.40385    2     1     1
   4    0    4   1.247662    -4.895478    -0.242410      4.90148   76.46985    0.00323   12     2     1
   3    1    5   1.247208     7.176529   -20.537439      21.7552   76.50267    0.06358   12     2     1
  -3   -1    5   1.247208    -5.237806   -20.709758      21.3619   76.50267    0.06130   12     2     1
   0    0    8   1.245250   407.057150    18.278747      407.467   76.64482    3.70548    2     2     1
   3    2    3   1.228973    35.921091   -28.071030      45.5885   77.62597    0.54464   12     1     1
  -3   -2    3   1.228973   -33.068400   -31.306236      45.5368   77.62597    0.54341   12     1     1
   3    2    3   1.228973    35.997265   -28.104109      45.6689   77.84938    0.27197   12     2     1
  -3   -2    3   1.228973   -33.133076   -31.352401      45.6155   77.84938    0.27134   12     2     1
   4    1    2   1.220009    57.329182    35.809595      67.5941   78.30486    1.18014   12     1     1
  -4   -1    2   1.220009    61.060797   -29.096548       67.639   78.30486    1.18171   12     1     1
   1    0    8   1.217192    -3.366056    -0.147441      3.36928   78.52096    0.00292   12     1     1
   4    1    2   1.220009    57.091676    35.680692      67.3244   78.53100    0.58261   12     2     1
  -4   -1    2   1.220009    60.837979   -28.941175       67.371   78.53100    0.58342   12     2     1
   1    0    8   1.217192    -3.380218    -0.148044      3.38346   78.74797    0.00146   12     2     1
   2    1    7   1.191608    25.369087    16.578208      30.3056   80.54666    0.22690   12     1     1
  -2   -1    7   1.191608   -27.023065    14.248587      30.5494   80.54666    0.23056   12     1     1
   2    1    7   1.191608    25.481201    16.559153      30.3891   80.78200    0.11358   12     2     1
  -2   -1    7   1.191608   -27.141761    14.219992      30.6412   80.78200    0.11547   12     2     1
  -4   -1    3   1.176687    -1.082562     1.756799      2.06356   81.78344    0.00103   12     1     1
   4    1    3   1.176687     0.897814     1.858287      2.06381   81.78344    0.00103   12     1     1
   2    2    6   1.175547    78.193340   -34.112940      85.3106   81.87967    0.87766    6     1     1
  -2   -2    6   1.175547    73.800703    42.650578      85.2386   81.87967    0.87618    6     1     1
  -4   -1    3   1.176687    -1.083240     1.757326      2.06437   82.02398    0.00051   12     2     1
   4    1    3   1.176687     0.897750     1.859222      2.06462   82.02398    0.00051   12     2     1
   2    2    6   1.175547    77.979220   -33.956743      85.0519   82.12063    0.43437    6     2     1
  -2   -2    6   1.175547    73.569242    42.528172      84.9769   82.12063    0.43360    6     2     1
   3    2    4   1.168315    -1.487566    -2.814203      3.18317   82.49644    0.00242   12     1     1
  -3   -2    4   1.168315    -1.763249     2.669968      3.19965   82.49644    0.00244   12     1     1
   4    0    5   1.167943     6.805735     0.564086      6.82907   82.52847    0.01112   12     1     1
   1    1    8   1.166334    -3.590336     7.146690      7.99786   82.66723    0.00761    6     1     1
  -1   -1    8   1.166334    -4.247653    -6.722171      7.95174   82.66723    0.00752    6     1     1
   3    2    4   1.168315    -1.495303    -2.817637      3.18983   82.74004    0.00121   12     2     1
  -3   -2    4   1.168315    -1.772095     2.672810       3.2069   82.74004    0.00122   12     2     1
   4    0    5   1.167943     6.664634     0.566217      6.68864   82.77220    0.00531   12     2     1
   1    1    8   1.166334    -3.869411     7.611112      8.53823   82.91156    0.00432    6     2     1
  -1   -1    8   1.166334    -4.528518    -7.185401      8.49338   82.91156    0.00427    6     2     1
   5    0    0   1.153286    -2.936573    -0.153722      2.94059   83.81261    0.00101    6     1     1
   3    1    6   1.151856     1.507317     0.524357      1.59592   83.94036    0.00059   12     1     1
  -3   -1    6   1.151856     1.554489    -0.385103      1.60148   83.94036    0.00060   12     1     1
   5    0    0   1.153286    -2.936788    -0.154338      2.94084   84.06192    0.00050    6     2     1
   3    1    6   1.151856     1.514620     0.524840      1.60298   84.19023    0.00030   12     2     1
  -3   -1    6   1.151856     1.561981    -0.385016      1.60873   84.19023    0.00030   12     2     1
   5    0    1   1.145635    50.744845     2.438694      50.8034   84.50133    0.59698   12     1     1
   3    0    7   1.143767    -0.794181    -0.041431     0.795261   84.67144    0.00015   12     1     1
   2    0    8   1.143185    -0.450739    -0.008952     0.450828   84.72460    0.00005   12     1     1
   5    0    1   1.145635    50.908835     2.448611      50.9677   84.75367    0.29933   12     2     1
   3    0    7   1.143767    -0.794512    -0.041597     0.795601   84.92454    0.00007   12     2     1
   2    0    8   1.143185    -0.461102    -0.008997      0.46119   84.97793    0.00002   12     2     1
   5    0    2   1.123562     0.957575     0.040858     0.958447   86.56311    0.00021   12     1     1
   4    1    4   1.123121   115.110010  -175.310464      209.724   86.60552    9.88912   12     1     1
  -4   -1    4   1.123121    97.942434   185.518849      209.786   86.60552    9.89495   12     1     1
   5    0    2   1.123562     0.965037     0.041028     0.965908   86.82474    0.00010   12     2     1
   4    1    4   1.123121   115.573021  -176.058292      210.603   86.86735    4.97019   12     2     1
  -4   -1    4   1.123121    98.335284   186.308344      210.667   86.86735    4.97322   12     2     1
  -3   -3    0   1.109750   284.839579     8.223152      284.958   87.91380    4.49515    3     1     1
   3    3    0   1.109750   284.228734    19.643258      284.907   87.91380    4.49352    3     1     1
  -3   -3    0   1.109750   285.890564     8.277958       286.01   88.18170    2.25765    3     2     1
   3    3    0   1.109750   285.277268    19.701978      285.957   88.18170    2.25681    3     2     1
   3    2    5   1.102093   -31.844364    25.050185      40.5164   88.68396    0.36056   12     1     1
  -3   -2    5   1.102093    29.058177    28.174733      40.4746   88.68396    0.35982   12     1     1
   3    2    5   1.102093   -31.916968    25.081558      40.5928   88.95550    0.18047   12     2     1
  -3   -2    5   1.102093    29.119553    28.218744      40.5493   88.95550    0.18008   12     2     1
  -4   -2    0   1.089753    -1.456395     0.815789      1.66931   89.95908    0.00030    6     1     1
   4    2    0   1.089753    -1.364806    -0.952742      1.66446   89.95908    0.00030    6     1     1
   5    0    3   1.089451   -30.697069    -1.610609      30.7393   89.99083    0.20500   12     1     1
   4    0    6   1.088546     3.624301     0.186403      3.62909   90.08610    0.00285   12     1     1
  -4   -2    0   1.089753    -1.463259     0.817489      1.67613   90.23674    0.00015    6     2     1
   4    2    0   1.089753    -1.371299    -0.955002      1.67107   90.23674    0.00015    6     2     1
   1    0    9   1.087043    -7.012407    -0.265139      7.01742   90.24487    0.01066   12     1     1
   5    0    3   1.089451   -30.750065    -1.617108      30.7926   90.26865    0.10261   12     2     1
   4    0    6   1.088546     3.633562     0.187158      3.63838   90.36438    0.00143   12     2     1
   1    0    9   1.087043    -7.104555    -0.266285      7.10954   90.52393    0.00546   12     2     1
   4    2    1   1.083291    13.232076    19.411792      23.4927   90.64423    0.11908   12     1     1
  -4   -2    1   1.083291   -15.412592    18.062652      23.7446   90.64423    0.12165   12     1     1
  -3   -3    2   1.083192     7.183163     5.985730      9.35023   90.65481    0.00943    6     1     1
   3    3    2   1.083192     7.793473    -5.217541      9.37875   90.65481    0.00949    6     1     1
   2    1    8   1.081219    -1.635273     1.605774      2.29186   90.86653    0.00113   12     1     1
  -2   -1    8   1.081219    -1.445987    -1.742781      2.26454   90.86653    0.00110   12     1     1
   4    2    1   1.083291    13.315354    19.367326       23.503   90.92524    0.05946   12     2     1
  -4   -2    1   1.083291   -15.504517    18.012623      23.7665   90.92524    0.06080   12     2     1
  -3   -3    2   1.083192     7.203304     5.989374      9.36804   90.93588    0.00472    6     2     1
   3    3    2   1.083192     7.816061    -5.218069      9.39782   90.93588    0.00475    6     2     1
   2    1    8   1.081219    -1.648387     1.603529      2.29967   91.14863    0.00057   12     2     1
  -2   -1    8   1.081219    -1.458346    -1.741107      2.27117   91.14863    0.00055   12     2     1
   4    2    2   1.064573    -2.579084     0.880517      2.72525   92.70062    0.00158   12     1     1
  -4   -2    2   1.064573    -2.472481    -1.166742      2.73394   92.70062    0.00159   12     1     1
   4    1    5   1.063916    -0.806627    -1.688166      1.87098   92.77479    0.00074   12     1     1
  -4   -1    5   1.063916     0.987592    -1.588843      1.87076   92.77479    0.00074   12     1     1
   3    1    7   1.063167     4.399569     8.881269      9.91126   92.85957    0.02088   12     1     1
  -3   -1    7   1.063167    -5.410861     8.173241        9.802   92.85957    0.02042   12     1     1
   4    2    2   1.064573    -2.577338     0.882955      2.72439   92.99193    0.00079   12     2     1
  -4   -2    2   1.064573    -2.470303    -1.170323      2.73351   92.99193    0.00079   12     2     1
   4    1    5   1.063916    -0.806534    -1.689037      1.87172   93.06648    0.00037   12     2     1
  -4   -1    5   1.063916     0.988226    -1.589316       1.8715   93.06648    0.00037   12     2     1
   3    1    7   1.063167     4.332174     8.858120      9.86073   93.15170    0.01031   12     2     1
  -3   -1    7   1.063167    -5.347472     8.147376      9.74552   93.15170    0.01008   12     2     1
   5    0    4   1.046525    -3.712964    -0.200987       3.7184   94.79236    0.00291   12     1     1
   3    0    8   1.045100   310.633693    16.231571      311.057   94.96233   20.36389   12     1     1
   5    0    4   1.046525    -3.720265    -0.201799      3.72573   95.09456    0.00146   12     2     1
   3    0    8   1.045100   311.756023    16.297605      312.182   95.26543   10.24529   12     2     1
   5    1    0   1.035681    -0.445154     1.574767      1.63648   96.10508    0.00028    6     1     1
  -5   -1    0   1.035681    -0.248439    -1.604871      1.62399   96.10508    0.00028    6     1     1
   4    2    3   1.035422   -14.765599   -36.192368      39.0885   96.13701    0.32048   12     1     1
  -4   -2    3   1.035422    18.635992   -34.538611      39.2456   96.13701    0.32306   12     1     1
   3    2    6   1.034645    -0.294567     2.569553      2.58638   96.23283    0.00140   12     1     1
  -3   -2    6   1.034645    -0.008648    -2.615706      2.61572   96.23283    0.00143   12     1     1
   2    0    9   1.033355    31.430240     1.639861       31.473   96.39257    0.20765   12     1     1
   5    1    0   1.035681    -0.449600     1.567936      1.63112   96.41433    0.00014    6     2     1
  -5   -1    0   1.035681    -0.252109    -1.598168      1.61793   96.41433    0.00014    6     2     1
   4    2    3   1.035422   -14.865265   -36.264092      39.1926   96.44644    0.16099   12     2     1
  -4   -2    3   1.035422    18.751285   -34.603516      39.3575   96.44644    0.16235   12     2     1
   3    2    6   1.034645    -0.282637     2.573622       2.5891   96.54279    0.00070   12     2     1
  -3   -2    6   1.034645     0.004435    -2.619937      2.61994   96.54279    0.00072   12     2     1
   2    0    9   1.033355    31.563304     1.646551      31.6062   96.70340    0.10465   12     2     1
   5    1    1   1.030129   -31.996818   -26.166792       41.334   96.79458    0.35790   12     1     1
  -5   -1    1   1.030129    34.888495   -22.624569      41.5822   96.79458    0.36221   12     1     1
   5    1    1   1.030129   -32.115034   -26.129703      41.4021   97.10761    0.17946   12     2     1
  -5   -1    1   1.030129    35.018213   -22.573066      41.6632   97.10761    0.18173   12     2     1
  -5   -1    2   1.013994    -3.302580     2.621727      4.21669   98.86945    0.00372   12     1     1
   5    1    2   1.013994    -2.981164    -2.990608      4.22269   98.86945    0.00373   12     1     1
   3    3    4   1.013670    65.431212     9.346721      66.0954   98.91230    0.45702    6     1     1
  -3   -3    4   1.013670    66.035019    -1.151901      66.0451   98.91230    0.45633    6     1     1
   4    0    7   1.012779   -20.820686    -1.251985      20.8583   99.03017    0.09104   12     1     1
  -5   -1    2   1.013994    -3.301050     2.622716      4.21611   99.19417    0.00186   12     2     1
   5    1    2   1.013994    -2.978343    -2.993070      4.22244   99.19417    0.00187   12     2     1
   3    3    4   1.013670    65.167704     9.365033      65.8372   99.23728    0.22678    6     2     1
  -3   -3    4   1.013670    65.773933    -1.137866      65.7838   99.23728    0.22641    6     2     1
   4    0    7   1.012779   -20.780148    -1.256963      20.8181   99.35583    0.04535   12     2     1
   4    1    6   1.002863    50.581634    31.803029      59.7489  100.36665    0.74824   12     1     1
  -4   -1    6   1.002863    54.206755   -25.215713      59.7847  100.36665    0.74914   12     1     1
   4    1    6   1.002863    50.359220    31.679768       59.495  100.70013    0.37120   12     2     1
  -4   -1    6   1.002863    53.998613   -25.066458       59.533  100.70013    0.37168   12     2     1
   4    2    4   0.998362    -2.056466     0.078457      2.05796  100.98846    0.00089   12     1     1
  -4   -2    4   0.998362    -2.044962    -0.293289      2.06589  100.98846    0.00090   12     1     1
   5    0    5   0.998129    27.311788     1.551909      27.3558  101.02081    0.15708   12     1     1
   2    2    8   0.997125    -5.699004    -8.456268      10.1974  101.16103    0.01092    6     1     1
  -2   -2    8   0.997125    -5.786203     8.336548      10.1478  101.16103    0.01081    6     1     1
   0    0   10   0.996200     3.663750     0.198549      3.66913  101.29052    0.00047    2     1     1
   4    2    4   0.998362    -2.068817     0.082916      2.07048  101.32566    0.00045   12     2     1
  -4   -2    4   0.998362    -2.057258    -0.298631      2.07882  101.32566    0.00045   12     2     1
   5    0    5   0.998129    27.361029     1.558169      27.4054  101.35820    0.07889   12     2     1
   2    2    8   0.997125    -5.962994    -8.885415      10.7008  101.49927    0.00602    6     2     1
  -2   -2    8   0.997125    -6.051322     8.764734      10.6508  101.49927    0.00596    6     2     1
   0    0   10   0.996200     3.679931     0.199359      3.68533  101.62954    0.00024    2     2     1
   5    1    3   0.988709    23.445325    41.132050      47.3448  102.35527    0.47248   12     1     1
  -5   -1    3   0.988709   -28.001170    38.250115       47.404  102.35527    0.47366   12     1     1
   2    1    9   0.986908   -19.618262   -13.710249      23.9342  102.61545    0.12087   12     1     1
  -2   -1    9   0.986908    21.167884   -11.518530      24.0989  102.61545    0.12254   12     1     1
   5    1    3   0.988709    23.515897    41.207805      47.4456  102.70081    0.23757   12     2     1
  -5   -1    3   0.988709   -28.090118    38.314182      47.5082  102.70081    0.23820   12     2     1
   2    1    9   0.986908   -19.726202   -13.688368      24.0103  102.96261    0.06091   12     2     1
  -2   -1    9   0.986908    21.281982   -11.487668      24.1845  102.96261    0.06180   12     2     1
   3    1    8   0.982543    -3.990109    -0.679702      4.04759  103.25327    0.00347   12     1     1
  -3   -1    8   0.982543    -4.043235     0.236142      4.05013  103.25327    0.00347   12     1     1
   1    0   10   0.981659     4.010884     0.218789      4.01685  103.38379    0.00342   12     1     1
   3    1    8   0.982543    -4.007157    -0.681292      4.06466  103.60443    0.00175   12     2     1
  -3   -1    8   0.982543    -4.060497     0.235925      4.06735  103.60443    0.00175   12     2     1
   1    0   10   0.981659     4.030902     0.219683      4.03688  103.73578    0.00173   12     2     1
   3    2    7   0.968937    39.014412   -13.000498      41.1234  105.30879    0.36190   12     1     1
  -3   -2    7   0.968937   -37.148801   -17.303154      40.9809  105.30879    0.35939   12     1     1
   3    2    7   0.968937    39.165867   -12.971125      41.2579  105.67325    0.18257   12     2     1
  -3   -2    7   0.968937   -37.292820   -17.291283      41.1065  105.67325    0.18123   12     2     1
   6    0    0   0.961072   221.014830    12.486739      221.367  106.54666    5.28863    6     1     1
   3    0    9   0.959212     0.659142     0.039799     0.660342  106.84503    0.00009   12     1     1
   6    0    0   0.961072   221.994239    12.537644      222.348  106.91944    2.67541    6     2     1
   3    0    9   0.959212     0.659428     0.039959     0.660637  107.21985    0.00005   12     2     1
   6    0    1   0.956630     3.636382     0.219979      3.64303  107.26274    0.00288   12     1     1
   5    1    4   0.956290    -1.819032     3.049733      3.55102  107.31817    0.00274   12     1     1
  -5   -1    4   0.956290    -1.446761    -3.222756       3.5326  107.31817    0.00271   12     1     1
   4    2    5   0.956086    12.929332    32.615469      35.0847  107.35143    0.26737   12     1     1
  -4   -2    5   0.956086   -16.688915    31.006644      35.2127  107.35143    0.26933   12     1     1
   1    1   10   0.954389    73.432659    46.937434       87.152  107.62888    0.82681    6     1     1
  -1   -1   10   0.954389    78.808504   -37.262646      87.1739  107.62888    0.82722    6     1     1
   6    0    1   0.956630     3.638099     0.220862       3.6448  107.64044    0.00145   12     2     1
   5    1    4   0.956290    -1.833777     3.054778      3.56292  107.69625    0.00138   12     2     1
  -5   -1    4   0.956290    -1.460004    -3.228520       3.5433  107.69625    0.00137   12     2     1
   4    2    5   0.956086    13.027611    32.682853      35.1836  107.72975    0.13487   12     2     1
  -4   -2    5   0.956086   -16.802369    31.067392        35.32  107.72975    0.13591   12     2     1
   1    1   10   0.954389    73.217226    46.829843      86.9126  108.00913    0.41247    6     2     1
  -1   -1   10   0.954389    78.614373   -37.116675       86.936  108.00913    0.41270    6     2     1
   4    3    0   0.947995    -4.433852     0.710365       4.4904  108.69225    0.00222    6     1     1
  -4   -3    0   0.947995    -4.309571    -1.225665      4.48047  108.69225    0.00221    6     1     1
   5    0    6   0.947201     2.161699     0.117535      2.16489  108.82639    0.00103   12     1     1
   4    3    0   0.947995    -4.446150     0.706370      4.50191  109.08004    0.00112    6     2     1
  -4   -3    0   0.947995    -4.321377    -1.223756      4.49131  109.08004    0.00111    6     2     1
   5    0    6   0.947201     2.178710     0.118021       2.1819  109.21514    0.00053   12     2     1
   4    3    1   0.943732    25.237826     5.285390      25.7853  109.41710    0.14713   12     1     1
  -4   -3    1   0.943732   -25.735086     2.100686      25.8207  109.41710    0.14753   12     1     1
   6    0    2   0.943666     7.640134     0.448177      7.65327  109.42833    0.01296   12     1     1
  -4   -1    7   0.942687    -0.894592     1.375539      1.64085  109.59677    0.00060   12     1     1
   4    1    7   0.942687     0.719608     1.474487      1.64072  109.59677    0.00060   12     1     1
   4    0    8   0.942361    -6.051705    -0.356511       6.0622  109.65296    0.00815   12     1     1
   2    0   10   0.941580     1.170490     0.057865      1.17192  109.78789    0.00031   12     1     1
   4    3    1   0.943732    25.214145     5.268410      25.7587  109.81014    0.07370   12     2     1
  -4   -3    1   0.943732   -25.713354     2.070992      25.7966  109.81014    0.07392   12     2     1
   6    0    2   0.943666     7.666039     0.449996      7.67923  109.82145    0.00655   12     2     1
  -4   -1    7   0.942687    -0.895349     1.375898      1.64157  109.99113    0.00030   12     2     1
   4    1    7   0.942687     0.719663     1.475242      1.64142  109.99113    0.00030   12     2     1
   4    0    8   0.942361    -6.071142    -0.357956      6.08169  110.04773    0.00412   12     2     1
   2    0   10   0.941580     1.186836     0.058111      1.18826  110.18365    0.00016   12     2     1
   4    3    2   0.931279     0.900583    -1.873309      2.07854  111.61181    0.00098   12     1     1
  -4   -3    2   0.931279     0.668990     1.954528      2.06585  111.61181    0.00097   12     1     1
   4    3    2   0.931279     0.910865    -1.877468      2.08676  112.02134    0.00050   12     2     1
  -4   -3    2   0.931279     0.678336     1.959030      2.07315  112.02134    0.00049   12     2     1
   5    2    0   0.923368   -10.618149   -16.694074      19.7848  113.07043    0.04512    6     1     1
  -5   -2    0   0.923368   -12.072848    15.641797       19.759  113.07043    0.04501    6     1     1
   6    0    3   0.923184    -3.433371    -0.215041       3.4401  113.10495    0.00273   12     1     1
   3    3    6   0.922633     6.753871    -4.327875      8.02155  113.20856    0.00743    6     1     1
  -3   -3    6   0.922633     6.163353     5.102507      8.00141  113.20856    0.00739    6     1     1
   5    2    0   0.923368   -10.841046   -17.045626       20.201  113.49146    0.02365    6     2     1
  -5   -2    0   0.923368   -12.302207    15.988723      20.1738  113.49146    0.02358    6     2     1
   6    0    3   0.923184    -3.434657    -0.215903      3.44144  113.52625    0.00137   12     2     1
   3    3    6   0.922633     6.778517    -4.328350      8.04257  113.63070    0.00375    6     2     1
  -3   -3    6   0.922633     6.185630     5.106127      8.02088  113.63070    0.00373    6     2     1
   5    2    1   0.919427    -1.501978     1.962799      2.47154  113.81722    0.00142   12     1     1
  -5   -2    1   0.919427     1.244221     2.135220      2.47129  113.81722    0.00142   12     1     1
   5    1    5   0.918943   -20.845540   -37.368843      42.7898  113.90981    0.42672   12     1     1
  -5   -1    5   0.918943    25.285640   -34.578215      42.8371  113.90981    0.42766   12     1     1
   5    2    1   0.919427    -1.503162     1.963167      2.47255  114.24430    0.00072   12     2     1
  -5   -2    1   0.919427     1.244371     2.136280      2.47228  114.24430    0.00072   12     2     1
   5    1    5   0.918943   -20.913395   -37.440577      42.8855  114.33766    0.21554   12     2     1
  -5   -1    5   0.918943    25.371398   -34.638632      42.9365  114.33766    0.21605   12     2     1
   4    3    3   0.911576    -9.366282   -11.145589      14.5586  115.34738    0.05038   12     1     1
  -4   -3    3   0.911576    10.644025    -9.657364      14.3722  115.34738    0.04910   12     1     1
   4    2    6   0.911046    -1.482398     0.206757      1.49675  115.45284    0.00053   12     1     1
  -4   -2    6   0.911046    -1.441474    -0.403554       1.4969  115.45284    0.00053   12     1     1
   3    1    9   0.910164    -4.150563    -7.358296      8.44818  115.62881    0.01703   12     1     1
  -3   -1    9   0.910164     5.086922    -6.665022      8.38447  115.62881    0.01678   12     1     1
   4    3    3   0.911576    -9.229203   -11.178208      14.4959  115.78727    0.02513   12     2     1
  -4   -3    3   0.911576    10.512117    -9.684266       14.293  115.78727    0.02443   12     2     1
   4    2    6   0.911046    -1.475882     0.205089      1.49006  115.89363    0.00027   12     2     1
  -4   -2    6   0.911046    -1.434796    -0.402662      1.49023  115.89363    0.00027   12     2     1
   3    1    9   0.910164    -4.082868    -7.333140      8.39314  116.07111    0.00846   12     2     1
  -3   -1    9   0.910164     5.022930    -6.637209       8.3236  116.07111    0.00832   12     2     1
   5    2    2   0.907900    37.357875    -8.803459      38.3811  116.08434    0.35387   12     1     1
  -5   -2    2   0.907900    35.696367    13.800601      38.2712  116.08434    0.35184   12     1     1
   3    2    8   0.906737    -1.346343    -1.177294      1.78848  116.32028    0.00077   12     1     1
  -3   -2    8   0.906737    -1.493909     1.012489      1.80469  116.32028    0.00079   12     1     1
  -2   -1   10   0.906041     1.347278     1.443261      1.97438  116.46208    0.00094   12     1     1
   2    1   10   0.906041     1.525463    -1.285740      1.99503  116.46208    0.00096   12     1     1
   5    2    2   0.907900    37.152780    -8.655553      38.1477  116.53060    0.17595   12     2     1
  -5   -2    2   0.907900    35.484868    13.672331      38.0277  116.53060    0.17484   12     2     1
   3    2    8   0.906737    -1.356968    -1.172897      1.79361  116.76860    0.00039   12     2     1
  -3   -2    8   0.906737    -1.505116     1.007412      1.81115  116.76860    0.00040   12     2     1
  -2   -1   10   0.906041     1.363980     1.441432      1.98448  116.91165    0.00048   12     2     1
   2    1   10   0.906041     1.542874    -1.283249      2.00679  116.91165    0.00049   12     2     1
   6    0    4   0.896627    48.943754     3.347076      49.0581  118.43239    0.59944   12     1     1
   5    0    7   0.896011   -38.257260    -2.357836      38.3298  118.56488    0.36672   12     1     1
   1    0   11   0.894670     8.393184     0.461407      8.40586  118.85452    0.01772   12     1     1
   6    0    4   0.896627    48.702846     3.360264      48.8186  118.89985    0.29907   12     2     1
   5    0    7   0.896011   -38.417105    -2.367425        38.49  119.03357    0.18632   12     2     1
   1    0   11   0.894670     8.504834     0.463356      8.51745  119.32595    0.00917   12     2     1
   5    2    3   0.889615     1.430010    -1.928702        2.401  119.96580    0.00147   12     1     1
  -5   -2    3   0.889615    -1.169070    -2.097416      2.40122  119.96580    0.00147   12     1     1
   5    2    3   0.889615     1.431043    -1.929433      2.40221  120.44791    0.00074   12     2     1
  -5   -2    3   0.889615    -1.169056    -2.098823      2.40245  120.44791    0.00074   12     2     1
   4    3    4   0.885981    -2.822342     0.801435      2.93392  120.78449    0.00223   12     1     1
  -4   -3    4   0.885981    -2.690756    -1.159279      2.92986  120.78449    0.00222   12     1     1
   4    1    8   0.885116    -3.055447     7.131973      7.75892  120.98182    0.01566   12     1     1
  -4   -1    8   0.885116    -2.681387    -7.154851      7.64079  120.98182    0.01518   12     1     1
   3    0   10   0.884469     4.434264     0.276043      4.44285  121.13009    0.00515   12     1     1
   4    3    4   0.885981    -2.824722     0.798446       2.9354  121.27471    0.00113   12     2     1
  -4   -3    4   0.885981    -2.692613    -1.157727      2.93095  121.27471    0.00112   12     2     1
   4    1    8   0.885116    -3.304535     7.526511         8.22  121.47403    0.00886   12     2     1
  -4   -1    8   0.885116    -2.928260    -7.549932      8.09791  121.47403    0.00860   12     2     1
   3    0   10   0.884469     4.454968     0.277168      4.46358  121.62380    0.00262   12     2     1
  -6   -1    0   0.879372    -0.735414    -3.063204      3.15025  122.31798    0.00132    6     1     1
   6    1    0   0.879372    -1.135932     2.954739      3.16557  122.31798    0.00133    6     1     1
   5    1    6   0.878738    -1.574344    -2.990447      3.37955  122.46840    0.00305   12     1     1
  -5   -1    6   0.878738    -1.944956     2.745781      3.36484  122.46840    0.00303   12     1     1
   4    0    9   0.877947    17.798131     1.205058      17.8389  122.65679    0.08532   12     1     1
  -6   -1    0   0.879372    -0.745375    -3.060758      3.15021  122.82397    0.00067    6     2     1
   6    1    0   0.879372    -1.147492     2.951839      3.16703  122.82397    0.00067    6     2     1
   5    1    6   0.878738    -1.564598    -2.996633       3.3805  122.97598    0.00154   12     2     1
  -5   -1    6   0.878738    -1.936705     2.751003      3.36435  122.97598    0.00153   12     2     1
   6    1    1   0.875966    -7.744664    -8.771178       11.701  123.13238    0.03704   12     1     1
  -6   -1    1   0.875966     8.889438    -7.611050      11.7026  123.13238    0.03705   12     1     1
   4    0    9   0.877947    17.755149     1.209846      17.7963  123.16637    0.04287   12     2     1
   6    1    1   0.875966    -7.699121    -8.729208      11.6394  123.64707    0.01851   12     2     1
  -6   -1    1   0.875966     8.848400    -7.564511      11.6411  123.64707    0.01851   12     2     1
  -6   -1    2   0.865980    -3.136105     3.962491      5.05336  125.62297    0.00726   12     1     1
   6    1    2   0.865980    -2.588983    -4.352722      5.06449  125.62297    0.00729   12     1     1
   5    2    4   0.865778    53.618308   111.905698      124.088  125.67507    4.37948   12     1     1
  -5   -2    4   0.865778    67.222899  -104.284233      124.073  125.67507    4.37843   12     1     1
   6    0    5   0.865627     3.150291     0.210269       3.1573  125.71417    0.00284   12     1     1
   4    2    7   0.865223    -9.353090   -15.945077      18.4858  125.81853    0.09748   12     1     1
  -4   -2    7   0.865223    11.459001   -14.657356       18.605  125.81853    0.09874   12     1     1
   2    0   11   0.864016   -19.793079    -1.274552      19.8341  126.13244    0.11294   12     1     1
  -6   -1    2   0.865980    -3.131866     3.969050      5.05588  126.16574    0.00367   12     2     1
   6    1    2   0.865980    -2.582539    -4.360835      5.06817  126.16574    0.00369   12     2     1
   5    2    4   0.865778    53.951984   112.591547      124.851  126.21846    2.24162   12     2     1
  -5   -2    4   0.865778    67.612285  -104.938898      124.834  126.21846    2.24103   12     2     1
   6    0    5   0.865627     3.151397     0.211112      3.15846  126.25802    0.00144   12     2     1
   4    2    7   0.865223    -9.431226   -15.905038       18.491  126.36361    0.04932   12     2     1
  -4   -2    7   0.865223    11.545493   -14.612010      18.6228  126.36361    0.05002   12     2     1
   2    0   11   0.864016   -19.876102    -1.279732      19.9173  126.68126    0.05760   12     2     1
   4    3    5   0.856035     8.684118    10.043474      13.2772  128.27458    0.05297   12     1     1
  -4   -3    5   0.856035    -9.913827     8.615647      13.1344  128.27458    0.05183   12     1     1
   2    2   10   0.854817    60.207868   -25.574588      65.4144  128.61244    0.64762    6     1     1
  -2   -2   10   0.854817    56.032933    33.701010      65.3869  128.61244    0.64707    6     1     1
   4    3    5   0.856035     8.545823    10.073675      13.2102  128.85005    0.02655   12     2     1
  -4   -3    5   0.856035    -9.780507     8.640376      13.0505  128.85005    0.02591   12     2     1
   2    2   10   0.854817    60.019197   -25.432922      65.1854  129.19231    0.32570    6     2     1
  -2   -2   10   0.854817    55.827768    33.591536      65.1547  129.19231    0.32539    6     2     1
