   h    k    l      d (Å)      F(real)      F(imag)          |F|         2θ          I    M ID(λ) Phase
   1    0    1   4.074909   -15.151182    -0.365169      15.1556   21.79283    5.95942    4     1     1
   1    0    1   4.074909   -15.188774    -0.366700      15.1932   21.84626    2.97931    4     2     1
   0    0    2   3.530000    -4.620090    -0.075371       4.6207   25.20834    0.20425    2     1     1
   0    0    2   3.530000    -4.654474    -0.075634      4.65509   25.27040    0.10312    2     2     1
   0    1    1   3.291086    18.572353     0.281571      18.5745   27.07189    5.67804    4     1     1
   0    1    1   3.291086    18.725734     0.282504      18.7279   27.13871    2.87106    4     2     1
   1    0    2   2.881814   -20.882289    -0.264158       20.884   31.00681    5.37234    4     1     1
   1    0    2   2.881814   -21.091337    -0.264904       21.093   31.08380    2.72563    4     2     1
   1    1    1   2.747357   -27.723276    -0.508666      27.7279   32.56544   17.03890    8     1     1
   1    1    1   2.747357   -27.923933    -0.510503      27.9286   32.64651    8.59680    8     2     1
   2    0    0   2.495000   -18.080882    -0.745647      18.0963   35.96615    1.46136    2     1     1
   2    0    0   2.495000   -18.008359    -0.749068      18.0239   36.05625    0.72089    2     2     1
   2    0    1   2.352422   -17.060469    -0.493795      17.0676   38.22793    2.27323    4     1     1
   2    0    1   2.352422   -17.106852    -0.495873       17.114   38.32412    1.13647    4     2     1
   1    1    2   2.278181    66.348723     1.847108      66.3744   39.52464   63.85993    8     1     1
   1    1    2   2.278181    66.582492     1.854764      66.6083   39.62436   31.97592    8     2     1
   1    0    3   2.128501   -63.405350    -1.783035      63.4304   42.43338   24.88751    4     1     1
   1    0    3   2.128501   -63.654211    -1.790379      63.6794   42.54114   12.47052    4     2     1
   2    1    0   2.072101    85.647703     2.410465      85.6816   43.64674   42.62540    4     1     1
   2    1    0   2.072101    86.003495     2.420354      86.0375   43.75790   21.36753    4     2     1
   2    0    2   2.037455   -83.669305    -2.454715      83.7053   44.42813   39.08843    4     1     1
   2    0    2   2.037455   -83.976452    -2.464895      84.0126   44.54148   19.57522    4     2     1
   0    1    3   1.988785  -137.727671    -4.246724      137.793   45.57570  100.00000    4     1     1
   2    1    1   1.988235    95.912676     2.974077      95.9588   45.58902   96.92984    8     1     1
   0    1    3   1.988785  -138.153079    -4.264547      138.219   45.69232   50.01969    4     2     1
   2    1    1   1.988235    96.200067     2.986580      96.2464   45.70567   48.47507    8     2     1
   0    2    0   1.860000  -168.174898    -5.346990       168.26   48.93007   63.46638    2     1     1
   0    2    0   1.860000  -168.720106    -5.369411      168.806   49.05637   31.75267    2     2     1
   1    1    3   1.847460   -54.618521    -1.796619      54.6481   49.28421   26.34328    8     1     1
   1    1    3   1.847460   -54.765103    -1.804225      54.7948   49.41155   13.16498    8     2     1
   2    1    2   1.786981     8.901926     0.270310      8.90603   51.06974    0.64522    8     1     1
   2    1    2   1.786981     8.942614     0.271418      8.94673   51.20235    0.32365    8     2     1
   0    0    4   1.765000    -9.718525    -0.532561      9.73311   51.75246    0.18691    2     1     1
   0    0    4   1.765000    -9.621232    -0.535095       9.6361   51.88712    0.09106    2     2     1
   2    0    3   1.711950    62.564169     1.957494      62.5948   53.48128   14.34640    4     1     1
   2    0    3   1.711950    62.853883     1.965523      62.8846   53.62115    7.19685    4     2     1
   1    2    1   1.692064    10.918039     0.365169      10.9241   54.16084    0.84916    8     1     1
   1    2    1   1.692064    10.955631     0.366700      10.9618   54.30278    0.42497    8     2     1
   1    0    4   1.663977   -31.132764    -0.948062      31.1472   55.15201    3.31217    4     1     1
   1    0    4   1.663977   -31.308394    -0.951881      31.3229   55.29699    1.66486    4     2     1
   0    2    2   1.645543     3.240791     0.075371      3.24167   55.82346    0.03490    4     1     1
   0    2    2   1.645543     3.275175     0.075634      3.27605   55.97052    0.01772    4     2     1
   3    0    1   1.619007    74.654124     2.505723      74.6962   56.82073   17.80342    4     1     1
   3    0    1   1.619007    74.957413     2.516135      74.9996   56.97090    8.92072    4     2     1
   1    2    2   1.562763    13.808374     0.264158      13.8109   59.06364    1.11544    8     1     1
   1    2    2   1.562763    14.017422     0.264904      14.0199   59.22092    0.57131    8     2     1
   2    1    3   1.555172    27.098123     1.087235      27.1199   59.38077    4.24970    8     1     1
   2    1    3   1.555172    27.099779     1.092011      27.1218   59.53906    2.11249    8     2     1
   1    1    4   1.518944   -24.833442    -0.852030      24.8481   60.94519    3.36608    8     1     1
   1    1    4   1.518944   -24.952544    -0.855539      24.9672   61.10855    1.68913    8     2     1
   3    0    2   1.504661   -47.586621    -1.837318      47.6221   61.58632    6.03991    4     1     1
   3    0    2   1.504661   -47.666289    -1.845236       47.702   61.75178    3.01214    4     2     1
   2    2    0   1.491221    15.987607     0.745647       16.005   62.20278    0.66735    4     1     1
   2    2    0   1.491221    15.915084     0.749068      15.9327   62.37028    0.32871    4     2     1
   3    1    1   1.484507    -3.374756    -0.255192      3.38439   62.51571    0.05902    8     1     1
   3    1    1   1.484507    -3.281175    -0.256500      3.29119   62.68425    0.02774    8     2     1
   2    2    1   1.459030    13.302208     0.493795      13.3114   63.73426    0.87524    8     1     1
   2    2    1   1.459030    13.348591     0.495873      13.3578   63.90687    0.43809    8     2     1
   2    0    4   1.440907    49.021496     1.927181      49.0594   64.63240    5.76620    4     1     1
   2    0    4   1.440907    49.114862     1.935467       49.153   64.80804    2.87718    4     2     1
   1    2    3   1.400588    48.775312     1.783035      48.8079   66.73141   10.65942    8     1     1
   1    2    3   1.400588    49.024174     1.790379      49.0569   66.91426    5.35316    8     2     1
   3    1    2   1.394878   -25.138102    -0.968389      25.1567   67.04058    2.80428    8     1     1
   3    1    2   1.394878   -25.223267    -0.972477       25.242   67.22450    1.40354    8     2     1
   2    2    2   1.373679    65.225617     2.454715      65.2718   68.21599   18.20406    8     1     1
   2    2    2   1.373679    65.532764     2.464895      65.5791   68.40405    9.13565    8     2     1
   1    0    5   1.358654    63.480164     2.402242      63.5256   69.07641    8.40143    4     1     1
   3    0    3   1.358303   -13.769826    -0.540287      13.7804   69.09678    0.39511    4     1     1
   1    0    5   1.358654    63.790109     2.412186      63.8357   69.26753    4.21790    4     2     1
   3    0    3   1.358303   -13.817625    -0.542567      13.8283   69.28797    0.19781    4     2     1
   2    1    4   1.343634    14.791289     0.587041      14.8029   69.96042    0.88907    8     1     1
   2    1    4   1.343634    14.840848     0.589523      14.8526   70.15472    0.44502    8     2     1
   0    1    5   1.320103   -29.912982    -1.094868       29.933   71.39594    1.74542    4     1     1
   0    1    5   1.320103   -30.135457    -1.099239      30.1555   71.59547    0.88088    4     2     1
   0    2    4   1.280311    10.386305     0.532561         10.4   73.97601    0.19682    4     1     1
   0    2    4   1.280311    10.289012     0.535095      10.3029   74.18519    0.09608    4     2     1
   1    1    5   1.276200     3.901140     0.043438      3.90138   74.25435    0.05501    8     1     1
   3    1    3   1.275909    -9.037013    -0.294152       9.0418   74.27411    0.29533    8     1     1
   1    1    5   1.276200     4.065431     0.043302      4.06566   74.46459    0.02971    8     2     1
   3    1    3   1.275909    -9.169396    -0.295183      9.17415   74.48443    0.15123    8     2     1
   2    2    3   1.259624   -49.064680    -1.957494      49.1037   75.40025    8.47416    8     1     1
   2    2    3   1.259624   -49.354395    -1.965523      49.3935   75.61491    4.26545    8     2     1
   4    0    0   1.247500    37.049786     1.610556      37.0848   76.26354    1.18418    2     1     1
   4    0    0   1.247500    37.101944     1.617532      37.1372   76.48156    0.59081    2     2     1
   1    2    4   1.240142    23.948628     0.948062      23.9674   76.79824    1.95454    8     1     1
   1    2    4   1.240142    24.124258     0.951881       24.143   77.01836    0.98678    8     2     1
   2    0    5   1.228858    36.163943     1.497424      36.1949   77.63459    2.18803    4     1     1
   4    0    1   1.228469   -51.897156    -2.114449      51.9402   77.66380    4.50289    4     1     1
   2    0    5   1.228858    36.352756     1.503631      36.3838   77.85804    1.10016    4     2     1
   4    0    1   1.228469   -52.222044    -2.123099      52.2652   77.88737    2.26877    4     2     1
   0    3    1   1.221305    -8.416371    -0.281571      8.42108   78.20589    0.11700    4     1     1
   3    2    1   1.221186   -59.987052    -2.505723      60.0394   78.21498   11.89254    8     1     1
   0    3    1   1.221305    -8.569752    -0.282504      8.57441   78.43163    0.06036    4     2     1
   3    2    1   1.221186   -60.290340    -2.516135      60.3428   78.44076    5.97817    8     2     1
   3    0    4   1.210501    31.516875     1.291255      31.5433   79.03967    1.61357    4     1     1
   3    0    4   1.210501    31.737305     1.296494      31.7638   79.26879    0.81434    4     2     1
   1    3    1   1.186291    13.472663     0.508666      13.4823   80.98248    0.56791    8     1     1
   1    3    1   1.186291    13.673320     0.510503      13.6828   81.21964    0.29121    8     2     1
   4    1    0   1.182765     6.158696     0.292786      6.16565   81.27447    0.05907    4     1     1
   4    1    0   1.182765     6.137595     0.294115      6.14464   81.51286    0.02921    4     2     1
   0    0    6   1.176667   -36.002484    -1.580317      36.0372   81.78515    0.99993    2     1     1
   4    0    2   1.176211   -25.600620    -1.089691      25.6238   81.82359    1.01041    4     1     1
   0    0    6   1.176667   -36.144751    -1.586981      36.1796   82.02571    0.50183    2     2     1
   4    0    2   1.176211   -25.770291    -1.094144      25.7935   82.06431    0.50979    4     2     1
   3    2    2   1.169814    40.746010     1.837318      40.7874   82.36777    5.07279    8     1     1
   3    2    2   1.169814    40.825678     1.845236      40.8674   82.61082    2.53604    8     2     1
   2    1    5   1.166842    16.803920     0.695198      16.8183   82.62340    0.85883    8     1     1
   4    1    1   1.166508     9.739183     0.373831      9.74635   82.65217    0.28828    8     1     1
   2    1    5   1.166842    16.971348     0.697921      16.9857   82.86754    0.43625    8     2     1
   4    1    1   1.166508     9.897933     0.375160      9.90504   82.89644    0.14828    8     2     1
   3    1    4   1.151091   -77.050662    -3.389963      77.1252   84.00888   17.66876    8     1     1
   3    1    4   1.151091   -77.495249    -3.403982        77.57   84.25905    8.90315    8     2     1
   1    0    6   1.145257   -65.692351    -2.963367      65.7592   84.53565    6.37241    4     1     1
   1    0    6   1.145257   -65.931672    -2.975917      65.9988   84.78814    3.19781    4     2     1
   2    2    4   1.139090   -42.001820    -1.927181       42.046   85.10075    5.16860    8     1     1
   1    3    2   1.139032   -41.464713    -1.847108      41.5058   85.10613    5.03627    8     1     1
   2    2    4   1.139090   -42.095187    -1.935467      42.1397   85.35576    2.58670    8     2     1
   1    3    2   1.139032   -41.698482    -1.854764      41.7397   85.36117    2.53764    8     2     1
   4    1    2   1.121487   -60.696861    -2.736809      60.7585   86.76300   10.56099    8     1     1
   4    1    2   1.121487   -61.074240    -2.748090       61.136   87.02556    5.32944    8     2     1
   2    3    0   1.110422   -53.046313    -2.410465      53.1011   87.84699    3.98293    4     1     1
   2    3    0   1.110422   -53.402105    -2.420354      53.4569   88.11458    2.01238    4     2     1
   4    0    3   1.102212    -6.513941    -0.285841      6.52021   88.67190    0.05953    4     1     1
   4    0    3   1.102212    -6.603222    -0.286920      6.60945   88.94338    0.03050    4     2     1
   1    2    5   1.097127   -51.917402    -2.402242      51.9729   89.19198    7.52594    8     1     1
   0    3    3   1.097029    91.099818     4.246724      91.1987   89.20210   11.58542    4     1     1
   3    2    3   1.096942    11.554608     0.540287      11.5672   89.21100    0.37272    8     1     1
   2    3    1   1.096936   -63.736394    -2.974077      63.8057   89.21161   11.34081    8     1     1
   1    1    6   1.094559    52.565138     2.431291      52.6213   89.45732    7.69558    8     1     1
   1    2    5   1.097127   -52.227347    -2.412186       52.283   89.46594    3.79817    8     2     1
   0    3    3   1.097029    91.525225     4.264547      91.6245   89.47611    5.83183    4     2     1
   3    2    3   1.096942    11.602408     0.542567      11.6151   89.48505    0.18742    8     2     1
   2    3    1   1.096936   -64.023785    -2.986580      64.0934   89.48567    5.70690    8     2     1
   1    1    6   1.094559    52.907107     2.441299      52.9634   89.73256    3.88816    8     2     1
   3    0    5   1.076444     6.665733     0.306449      6.67277   91.38379    0.06089    4     1     1
   3    0    5   1.076444     6.748541     0.307631      6.75555   91.66846    0.03114    4     2     1
   1    3    3   1.071442    37.536860     1.796619      37.5798   91.93315    3.84804    8     1     1
   1    3    3   1.071442    37.683443     1.804225      37.7266   92.22057    1.93545    8     2     1
   2    0    6   1.064251    35.859185     1.723690      35.9006   92.73694    1.74712    4     1     1
   2    0    6   1.064251    36.021878     1.730943      36.0634   93.02844    0.88005    4     2     1
   2    3    2   1.059250    -5.641549    -0.270310      5.64802   93.30589    0.08621    8     1     1
   4    1    3   1.056800   -22.256850    -1.089716      22.2835   93.58777    1.34007    8     1     1
   2    3    2   1.059250    -5.682237    -0.271418      5.68872   93.60031    0.04366    8     2     1
   4    1    3   1.056800   -22.265587    -1.094488      22.2925   93.88364    0.66963    8     2     1
   4    2    0   1.036051   -32.490262    -1.610556      32.5302   96.05966    1.41511    4     1     1
   3    1    5   1.034023    49.570320     2.455239      49.6311   96.30980    6.58432    8     1     1
   4    2    0   1.036051   -32.542420    -1.617532      32.5826   96.36867    0.70935    4     2     1
   3    1    5   1.034023    49.747840     2.465679      49.8089   96.62018    3.31378    8     2     1
   2    2    5   1.025298   -30.042173    -1.497424      30.0795   97.40457    2.41435    8     1     1
   4    2    1   1.025072    42.445849     2.114449      42.4985   97.43335    4.81942    8     1     1
   2    1    6   1.023201   -17.567685    -0.877189      17.5896   97.67222    0.82541    8     1     1
   2    2    5   1.025298   -30.230986    -1.503631      30.2684   97.72100    1.22206    8     2     1
   4    2    1   1.025072    42.770738     2.123099      42.8234   97.74993    2.44606    8     2     1
   2    1    6   1.023201   -17.698360    -0.880785      17.7203   97.99014    0.41878    8     2     1
   4    0    4   1.018727   -16.091201    -0.809278      16.1115   98.24947    0.34617    4     1     1
   4    0    4   1.018727   -16.041580    -0.812934      16.0622   98.57065    0.17203    4     2     1
   3    2    4   1.014562   -25.593598    -1.291255      25.6262   98.79450    1.75161    8     1     1
   3    2    4   1.014562   -25.814028    -1.296494      25.8466   99.11880    0.89109    8     2     1
   2    3    3   1.004241   -21.408188    -1.087235      21.4358  100.17821    1.22738    8     1     1
   2    3    3   1.004241   -21.409844    -1.092011      21.4377  100.51057    0.61418    8     2     1
   0    2    6   0.994393    30.695200     1.580317      30.7359  101.54485    1.26582    4     1     1
   1    3    4   0.994285    16.487309     0.852030      16.5093  101.56004    0.73045    8     1     1
   4    2    2   0.994118    21.057111     1.089691      21.0853  101.58369    1.19157    8     1     1
   0    2    6   0.994393    30.837467     1.586981      30.8783  101.88542    0.63948    4     2     1
   1    3    4   0.994285    16.606412     0.855539      16.6284  101.90069    0.37092    8     2     1
   4    2    2   0.994118    21.226781     1.094144       21.255  101.92449    0.60608    8     2     1
   1    0    7   0.988581   -17.143593    -0.891303      17.1667  102.37371    0.39599    4     1     1
   5    0    1   0.988176   -30.691713    -1.591896       30.733  102.43214    1.26944    4     1     1
   1    0    7   0.988581   -17.259189    -0.894991      17.2824  102.71937    0.20095    4     2     1
   5    0    1   0.988176   -30.849914    -1.598579      30.8913  102.77816    0.64217    4     2     1
   3    3    1   0.984435     5.144284     0.255192      5.15061  102.97556    0.07147    8     1     1
   4    1    4   0.982550     4.661874     0.250918      4.66862  103.25225    0.05879    8     1     1
   3    3    1   0.984435     5.050702     0.256500      5.05721  103.32497    0.03450    8     2     1
   4    1    4   0.982550     4.753988     0.251838      4.76065  103.60341    0.03062    8     2     1
   1    2    6   0.975217    56.467402     2.963367      56.5451  104.34701    8.67264    8     1     1
   0    1    7   0.973429    28.607318     1.491504      28.6462  104.61859    1.11465    4     1     1
   1    2    6   0.975217    56.706723     2.975917      56.7848  104.70517    4.38216    8     2     1
   0    1    7   0.973429    28.640587     1.497994      28.6797  104.97852    0.55983    4     2     1
   3    0    6   0.960605     0.238793    -0.016906     0.239391  106.62135    0.00008    4     1     1
   5    0    2   0.960357    21.196041     1.111642      21.2252  106.66106    0.62038    4     1     1
   3    0    6   0.960605     0.081203    -0.016667    0.0828956  106.99464    0.00000    4     2     1
   5    0    2   0.960357    21.188402     1.116543      21.2178  107.03462    0.31087    4     2     1
   3    3    2   0.956923    18.066936     0.968389      18.0929  107.21521    0.90549    8     1     1
   1    1    7   0.955420    29.728004     1.600921      29.7711  107.46014    2.45655    8     1     1
   5    1    1   0.955054    51.762143     2.782495      51.8369  107.51998    7.45124    8     1     1
   3    3    2   0.956923    18.152100     0.972477      18.1781  107.59258    0.45844    8     2     1
   1    1    7   0.955420    29.891860     1.607633      29.9351  107.83922    1.24581    8     2     1
   5    1    1   0.955054    52.017370     2.794220      52.0924  107.89947    3.77453    8     2     1
   4    2    3   0.948226     5.003396     0.285841      5.01155  108.65341    0.07034    8     1     1
   4    2    3   0.948226     5.092677     0.286920      5.10075  109.04092    0.03657    8     2     1
   2    3    4   0.939885   -10.751070    -0.587041      10.7671  110.08242    0.32926    8     1     1
   2    3    4   0.939885   -10.800629    -0.589523      10.8167  110.48036    0.16685    8     2     1
   2    0    7   0.935063     6.040335     0.328059      6.04924  110.93227    0.05244    4     1     1
   4    0    5   0.934891   -38.104464    -2.115443      38.1631  110.96283    2.08779    4     1     1
   2    0    7   0.935063     6.055194     0.329472      6.06415  111.33660    0.02647    4     2     1
   4    0    5   0.934891   -38.363916    -2.124227      38.4227  111.36738    1.06293    4     2     1
   0    3    5   0.931722    19.171043     1.094868      19.2023  111.53160    0.53196    4     1     1
   3    2    5   0.931669    -5.256191    -0.306449      5.26512  111.54117    0.08000    8     1     1
   3    1    6   0.930095     5.976090     0.322364      5.98478  111.82670    0.10370    8     1     1
   0    4    0   0.930000    96.297118     5.346990      96.4455  111.84404    6.73405    2     1     1
   5    1    2   0.929870    33.362329     1.848750      33.4135  111.86769    3.23398    8     1     1
   0    3    5   0.931722    19.393518     1.099239      19.4246  111.94051    0.27347    4     2     1
   3    2    5   0.931669    -5.339000    -0.307631      5.34786  111.95016    0.04146    8     2     1
   3    1    6   0.930095     5.977593     0.323778      5.98636  112.23790    0.05213    8     2     1
   0    4    0   0.930000    96.842326     5.369411      96.9911  112.25538    3.42185    2     2     1
   5    1    2   0.929870    33.537485     1.856529      33.5888  112.27921    1.64199    8     2     1
   2    2    6   0.923730   -30.876656    -1.723690      30.9247  113.00247    2.80851    8     1     1
   2    2    6   0.923730   -31.039348    -1.730943      31.0876  113.42295    1.42667    8     2     1
   5    0    3   0.918794   -10.503202    -0.612327       10.521  113.93833    0.16450    4     1     1
   5    0    3   0.918794   -10.626662    -0.614774      10.6444  114.36641    0.08467    4     2     1
   1    3    5   0.915893     0.229299    -0.043438     0.233377  114.49874    0.00016    8     1     1
   3    3    3   0.915786     4.563939     0.294152      4.57341  114.51965    0.06265    8     1     1
   1    3    5   0.915893     0.065007    -0.043302    0.0781091  114.93146    0.00001    8     2     1
   3    3    3   0.915786     4.696322     0.295183      4.70559  114.95254    0.03336    8     2     1
   2    1    7   0.906853    -0.875924     0.013948     0.876035  116.29668    0.00236    8     1     1
   4    1    5   0.906696    21.058688     1.192415      21.0924  116.32851    1.36737    8     1     1
   1    4    1   0.906686    -6.382230    -0.365169      6.39267  116.33055    0.12561    8     1     1
   2    1    7   0.906853    -0.708789     0.013678     0.708921  116.74479    0.00078    8     2     1
   4    1    5   0.906696    21.149215     1.197476      21.1831  116.77690    0.69422    8     2     1
   1    4    1   0.906686    -6.419822    -0.366700      6.43029  116.77896    0.06397    8     2     1
   0    4    2   0.899313    -1.113411    -0.075371      1.11596  117.86024    0.00196    4     1     1
   0    4    2   0.899313    -1.147795    -0.075634      1.15028  118.32239    0.00105    4     2     1
   4    2    4   0.893490    14.896421     0.809278      14.9184  119.11105    0.71460    8     1     1
   5    1    3   0.891990   -28.221791    -1.631090      28.2689  119.43976    2.57999    8     1     1
   4    2    4   0.893490    14.846800     0.812934       14.869  119.58491    0.35776    8     2     1
   5    1    3   0.891990   -28.354823    -1.637995      28.4021  119.91677    1.31274    8     2     1
   1    4    2   0.885055    -3.038005    -0.264158      3.04947  120.99581    0.03084    8     1     1
   1    4    2   0.885055    -3.247053    -0.264904      3.25784  121.48816    0.01775    8     2     1
   0    0    8   0.882500   -37.431246    -2.319142       37.503  121.58476    1.17846    2     1     1
   0    0    8   0.882500   -37.893546    -2.328418       37.965  122.08311    0.60935    2     2     1
   4    3    0   0.879452    -5.356427    -0.292786      5.36442  122.29913    0.04886    4     1     1
   4    3    0   0.879452    -5.335325    -0.294115      5.34343  122.80492    0.02447    4     2     1
   1    2    7   0.872943    14.677663     0.891303      14.7047  123.86980    0.75639    8     1     1
   2    3    5   0.872847   -10.781949    -0.695198      10.8043  123.89345    0.40854    8     1     1
   4    3    1   0.872707    -5.204589    -0.373831        5.218  123.92783    0.09535    8     1     1
   5    2    1   0.872664    26.619352     1.591896      26.6669  123.93856    2.49092    8     1     1
   2    4    0   0.871430   -13.719242    -0.745647      13.7395  124.24393    0.33259    4     1     1
   1    2    7   0.872943    14.793259     0.894991      14.8203  124.39256    0.38811    8     2     1
   2    3    5   0.872847   -10.949377    -0.697921      10.9716  124.41647    0.21281    8     2     1
   4    3    1   0.872707    -5.363339    -0.375160      5.37644  124.45123    0.05114    8     2     1
   5    2    1   0.872664    26.777552     1.598579      26.8252  124.46208    1.27327    8     2     1
   2    4    0   0.871430   -13.646720    -0.749068      13.6673  124.77086    0.16627    4     2     1
   1    0    8   0.869014    -5.340361    -0.277561      5.34757  124.84919    0.05099    4     1     1
   5    0    4   0.868739    58.356716     3.552770      58.4648  124.91875    6.10322    4     1     1
   1    0    8   0.869014    -5.285830    -0.278889      5.29318  125.38298    0.02525    4     2     1
   5    0    4   0.868739    58.792357     3.567522      58.9005  125.45335    3.13076    4     2     1
   3    3    4   0.866195    55.212704     3.389963      55.3167  125.56784   11.07117    8     1     1
   2    4    1   0.864867    -8.191725    -0.493795      8.20659  125.91087    0.24539    8     1     1
   3    3    4   0.866195    55.657291     3.403982      55.7613  126.10996    5.68774    8     2     1
   2    4    1   0.864867    -8.238108    -0.495873      8.25302  126.45705    0.12549    8     2     1
   3    0    7   0.862415   -48.253445    -2.993854      48.3462  126.55249    4.31507    4     1     1
   3    0    7   0.862415   -48.670755    -3.006186      48.7635  127.10638    2.22065    4     2     1
   4    0    6   0.855975     1.708404     0.146088      1.71464  128.29118    0.00563    4     1     1
   4    0    6   0.855975     1.794586     0.146559      1.80056  128.86687    0.00315    4     2     1
   3    2    6   0.853500    -1.217700     0.016906      1.21782  128.98123    0.00577    8     1     1
   4    3    2   0.853367    43.519834     2.736809      43.6058  129.01873    7.40381    8     1     1
   5    2    2   0.853326   -19.217991    -1.111642      19.2501  129.03019    1.44326    8     1     1
   3    2    6   0.853500    -1.060110     0.016667      1.06024  129.56596    0.00222    8     2     1
   4    3    2   0.853367    43.897212     2.748090      43.9831  129.60396    3.81587    8     2     1
   5    2    2   0.853326   -19.210352    -1.116543      19.2428  129.61557    0.73058    8     2     1
