   h    k    l      d (Å)      F(real)      F(imag)          |F|         2θ          I    M ID(λ) Phase
   1    0    0   3.322073     9.787936     0.172697      9.78946   26.81464    4.17978    6     1     1
   1    0    0   3.322073     9.855168     0.173323      9.85669   26.88080    2.10767    6     2     1
   1    0    1   2.758096   -16.228914    -0.299121      16.2317   32.43515   15.29634   12     1     1
   1    0    1   2.758096   -16.345362    -0.300204      16.3481   32.51588    7.71669   12     2     1
   0    0    2   2.474000   -19.764766    -0.660902      19.7758   36.28202    2.96425    2     1     1
   0    0    2   2.474000   -19.765993    -0.663804      19.7771   36.37296    1.47420    2     2     1
   1    0    2   1.984222    60.598233     1.839896      60.6262   45.68644  100.00000   12     1     1
   1    0    2   1.984222    60.802379     1.847578      60.8304   45.80338   50.04745   12     2     1
   1    1    0   1.918000    85.414271     2.673495      85.4561   47.35829   91.57761    6     1     1
   1    1    0   1.918000    85.686875     2.684706      85.7289   47.48002   45.81406    6     2     1
   1    1    1   1.788344    -0.000000    -0.000000  2.66457e-15   51.02802    0.00000   12     1     1
   1    1    1   1.788344    -0.000000    -0.000000  2.81757e-15   51.16052    0.00000   12     2     1
   2    0    0   1.661037     7.043491     0.172697      7.04561   55.25798    0.43823    6     1     1
   2    0    0   1.661037     7.110722     0.173323      7.11283   55.40330    0.22199    6     2     1
   2    0    1   1.574677    11.571236     0.299121      11.5751   58.57307    2.07341   12     1     1
   2    0    1   1.574677    11.687683     0.300204      11.6915   58.72878    1.05137   12     2     1
   1    1    2   1.515823   -16.303118    -0.660902      16.3165   61.08407    3.75044   12     1     1
   1    1    2   1.515823   -16.304345    -0.663804      16.3179   61.24789    1.86440   12     2     1
   1    0    3   1.477284    10.780895     0.299121       10.785   62.85608    1.53819   12     1     1
   1    0    3   1.477284    10.897343     0.300204      10.9015   63.02575    0.78115   12     2     1
   2    0    2   1.379048    48.408718     1.839896      48.4437   67.91410   26.28367   12     1     1
   2    0    2   1.379048    48.612865     1.847578       48.648   68.10109   13.17726   12     2     1
   2    1    0   1.255626     4.997138     0.172697      5.00012   75.68256    0.22668   12     1     1
   2    1    0   1.255626     5.064369     0.173323      5.06733   75.89831    0.11582   12     2     1
   1    1    3   1.250547    -0.000000    -0.000000  5.77318e-15   76.04450    0.00000   12     1     1
   1    1    3   1.250547    -0.000000    -0.000000  5.40258e-15   76.26166    0.00000   12     2     1
   0    0    4   1.237000    63.986313     2.673495      64.0421   77.02910    6.00937    2     1     1
   0    0    4   1.237000    64.258917     2.684706       64.315   77.25014    3.01555    2     2     1
   2    1    1   1.217050    -8.242046    -0.299121      8.24747   78.53189    0.57897   12     1     1
   1    2    1   1.217050     8.242046     0.299121      8.24747   78.53189    0.57897   12     1     1
   2    1    1   1.217050    -8.358494    -0.300204      8.36388   78.75895    0.29632   12     2     1
   1    2    1   1.217050     8.358494     0.300204      8.36388   78.75895    0.29632   12     2     1
   2    0    3   1.170371    -7.727308    -0.299121       7.7331   82.32008    0.47396   12     1     1
   2    0    3   1.170371    -7.843756    -0.300204       7.8495   82.56292    0.24317   12     2     1
   1    0    4   1.159243     4.389266     0.172697      4.39266   83.28524    0.15053   12     1     1
   1    0    4   1.159243     4.456498     0.173323      4.45987   83.53224    0.07728   12     2     1
   1    2    2   1.119674    40.385878     1.839896      40.4278   86.93849   12.11757   12     1     1
   2    1    2   1.119674    40.385878     1.839896      40.4278   86.93849   12.11757   12     1     1
   1    2    2   1.119674    40.590024     1.847578      40.6321   87.20185    6.10109   12     2     1
   2    1    2   1.119674    40.590024     1.847578      40.6321   87.20185    6.10109   12     2     1
   3    0    0   1.107358    57.899289     2.673495       57.961   88.15274   12.28325    6     1     1
   3    0    0   1.107358    58.171893     2.684706      58.2338   88.42177    6.18200    6     2     1
   3    0    1   1.080626    -0.000000    -0.000000  3.16766e-15   90.93032    0.00000   12     1     1
   3    0    1   1.080626    -0.000000     0.000000  3.17968e-15   91.21274    0.00000   12     2     1
   1    1    4   1.039550    54.370472     2.673495      54.4362   95.63162   20.60588   12     1     1
   1    1    4   1.039550    54.643076     2.684706       54.709   95.93831   10.39801   12     2     1
   3    0    2   1.010730   -13.074323    -0.660902       13.091   99.30273    1.18752   12     1     1
   3    0    2   1.010730   -13.075550    -0.663804      13.0924   99.62996    0.59409   12     2     1
   1    2    3   0.999059    -5.738866    -0.299121      5.74666  100.89148    0.22943   12     1     1
   2    1    3   0.999059     5.738866     0.299121      5.74666  100.89148    0.22943   12     1     1
   1    2    3   0.999059    -5.855314    -0.300204        5.863  101.22810    0.11951   12     2     1
   2    1    3   0.999059     5.855314     0.300204        5.863  101.22810    0.11951   12     2     1
   2    0    4   0.992111     3.265749     0.172697      3.27031  101.86823    0.07451   12     1     1
   2    0    4   0.992111     3.332980     0.173323      3.33748  102.21077    0.03885   12     2     1
   2    2    0   0.959000    49.857596     2.673495      49.9292  106.87910    8.93062    6     1     1
   2    2    0   0.959000    50.130200     2.684706       50.202  107.25415    4.52768    6     2     1
   1    0    5   0.948415    -5.138610    -0.299121      5.14731  108.62161    0.19266   12     1     1
   1    0    5   0.948415    -5.255058    -0.300204      5.26363  109.00890    0.10110   12     2     1
   2    2    1   0.941480    -0.000000    -0.000000  1.20633e-15  109.80528    0.00000   12     1     1
   2    2    1   0.941480    -0.000000    -0.000000  2.03583e-15  110.20117    0.00000   12     2     1
   3    1    0   0.921377     2.782884     0.172697      2.78824  113.44587    0.05963   12     1     1
   3    0    3   0.919365    -0.000000     0.000000  4.01306e-15  113.82900    0.00000   12     1     1
   3    1    0   0.921377     2.850115     0.173323      2.85538  113.86993    0.03144   12     2     1
   3    0    3   0.919365     0.000000     0.000000  3.55315e-15  114.25618    0.00000   12     2     1
   3    1    1   0.905807     4.637963     0.299121       4.6476  116.51000    0.17288   12     1     1
   1    3    1   0.905807    -4.637963    -0.299121       4.6476  116.51000    0.17288   12     1     1
   3    1    1   0.905807     4.754411     0.300204      4.76388  116.96000    0.09144   12     2     1
   1    3    1   0.905807    -4.754411    -0.300204      4.76388  116.96000    0.09144   12     2     1
   2    2    2   0.894172   -11.859944    -0.660902      11.8783  118.96263    1.17368   12     1     1
   2    2    2   0.894172   -11.861170    -0.663804      11.8797  119.43508    0.59161   12     2     1
   1    2    4   0.881202     2.513168     0.172697      2.51909  121.88728    0.05554   12     1     1
   2    1    4   0.881202     2.513168     0.172697      2.51909  121.88728    0.05554   12     1     1
   1    1    5   0.879442     0.000000    -0.000000  5.32909e-15  122.30158    0.00000   12     1     1
   1    2    4   0.881202     2.580399     0.173323      2.58621  122.38877    0.02954   12     2     1
   2    1    4   0.881202     2.580399     0.173323      2.58621  122.38877    0.02954   12     2     1
   1    1    5   0.879442    -0.000000    -0.000000  5.35116e-15  122.80740    0.00000   12     2     1
   1    3    2   0.863442    30.177620     1.839896      30.2337  126.28261    8.71612   12     1     1
   3    1    2   0.863442    30.177620     1.839896      30.2337  126.28261    8.71612   12     1     1
   3    1    2   0.863442    30.381767     1.847578      30.4379  126.83323    4.46821   12     2     1
   1    3    2   0.863442    30.381767     1.847578      30.4379  126.83323    4.46821   12     2     1
