   h    k    l      d (Å)      F(real)      F(imag)          |F|         2θ          I    M ID(λ) Phase
   1    0    0   3.507057    -5.625712    -0.378216      5.63841   25.37600    0.82371    6     1     1
   1    0    0   3.507057    -5.563864    -0.379675       5.5768   25.43848    0.40082    6     2     1
   1    0    1   2.902412     9.578616     0.655090      9.60099   30.78129    3.16781   12     1     1
   1    0    1   2.902412     9.471492     0.657616      9.49429   30.85769    1.54066   12     2     1
   0    0    2   2.585300   -49.435465    -1.762729      49.4669   34.66933   10.83289    2     1     1
   0    0    2   2.585300   -49.447458    -1.769801      49.4791   34.75596    5.38969    2     2     1
   1    0    2   2.080984    75.786962     2.390810      75.8247   43.45093   92.61410   12     1     1
   1    0    2   2.080984    75.996492     2.400576      76.0344   43.56154   46.29818   12     2     1
   1    1    0   2.024800   115.037188     3.775322      115.099   44.72075  100.00000    6     1     1
   1    1    0   2.024800   115.320559     3.790702      115.383   44.83493   49.95859    6     2     1
   2    0    0   1.753528    -5.509821    -0.378216      5.52279   52.11638    0.16267    6     1     1
   2    0    0   1.753528    -5.447973    -0.379675      5.46119   52.25212    0.07906    6     2     1
   2    0    1   1.660630    -9.570383    -0.655090      9.59278   55.27266    0.85858   12     1     1
   2    0    1   1.660630    -9.463260    -0.657616      9.48608   55.41802    0.41730   12     2     1
   1    1    2   1.594085   -41.253043    -1.762729      41.2907   57.79207   14.37932   12     1     1
   1    1    2   1.594085   -41.265037    -1.769801       41.303   57.94530    7.15107   12     2     1
   1    0    3   1.546831    -9.601421    -0.655090      9.62374   59.73339    0.72518   12     1     1
   1    0    3   1.546831    -9.494297    -0.657616      9.51704   59.89282    0.35249   12     2     1
   2    0    2   1.451206    61.926440     2.390810      61.9726   64.11869   25.71200   12     1     1
   2    0    2   1.451206    62.135970     2.400576      62.1823   64.29259   12.86722   12     2     1
   2    1    0   1.325543    -5.551973    -0.378216      5.56484   71.05840    0.16724   12     1     1
   2    1    0   1.325543    -5.490125    -0.379675      5.50324   71.25669    0.08133   12     2     1
   0    0    4   1.292650    87.885214     3.775322      87.9663   73.15433    6.58253    2     1     1
   0    0    4   1.292650    88.168585     3.790702        88.25   73.36041    3.29492    2     2     1
   2    1    1   1.284020     9.604909     0.655090      9.62722   73.72687    0.93229   24     1     1
   2    1    1   1.284020     9.497785     0.657616      9.52052   73.93511    0.45347   24     2     1
   2    0    3   1.229190     9.578654     0.655090      9.60103   77.60975    0.42306   12     1     1
   2    0    3   1.229190     9.471531     0.657616      9.49433   77.83310    0.20586   12     2     1
   1    0    4   1.212885    -5.524053    -0.378216      5.53699   78.85401    0.13707   12     1     1
   1    0    4   1.212885    -5.462205    -0.379675      5.47538   79.08237    0.06671   12     2     1
   2    1    2   1.179538    52.463508     2.390810       52.518   81.54382   23.42922   24     1     1
   2    1    2   1.179538    52.673038     2.400576      52.7277   81.78335   11.75881   24     2     1
   3    0    0   1.169019    80.810115     3.775322      80.8983   82.43597   13.68636    6     1     1
   3    0    0   1.169019    81.093486     3.790702       81.182   82.67930    6.86344    6     2     1
   3    0    1   1.140240    -0.000000    -0.000000  7.50715e-15   84.99479    0.00000   12     1     1
   3    0    1   1.140240    -0.000000     0.000000  6.98079e-15   85.24933    0.00000   12     2     1
   1    1    4   1.089549    75.741229     3.775322      75.8353   89.98055   21.84494   12     1     1
   1    1    4   1.089549    76.024600     3.790702       76.119   90.25832   10.97811   12     2     1
   3    0    2   1.065183   -31.926577    -1.762729      31.9752   92.63179    3.80878   12     1     1
   3    0    2   1.065183   -31.938570    -1.769801      31.9876   92.92275    1.90266   12     2     1
   2    1    3   1.050731    -9.359179    -0.655090      9.38208   94.29468    0.65033   24     1     1
   2    1    3   1.050731    -9.252055    -0.657616       9.2754   94.59425    0.31743   24     2     1
   2    0    4   1.040492    -5.391256    -0.378216      5.40451   95.51726    0.10743   12     1     1
   2    0    4   1.040492    -5.329408    -0.379675      5.34292   95.82334    0.05245   12     2     1
   2    2    0   1.012400    70.405482     3.775322      70.5066   99.08045    9.10554    6     1     1
   2    2    0   1.012400    70.688853     3.790702      70.7904   99.40640    4.59071    6     2     1
   1    0    5   0.991897     9.219716     0.655090      9.24296  101.89863    0.31475   12     1     1
   1    0    5   0.991897     9.112592     0.657616      9.13629  102.24136    0.15395   12     2     1
   3    1    0   0.972682    -5.290961    -0.378216      5.30446  104.73248    0.10504   12     1     1
   3    1    0   0.972682    -5.229113    -0.379675      5.24288  105.09315    0.05142   12     2     1
   3    0    3   0.967471     0.000000     0.000000  8.34299e-15  105.53675    0.00000   12     1     1
   3    0    3   0.967471     0.000000     0.000000  7.95961e-15  105.90272    0.00000   12     2     1
   3    1    1   0.955915    -9.111268    -0.655090      9.13479  107.37918    0.63477   24     1     1
   3    1    1   0.955915    -9.004145    -0.657616      9.02813  107.75770    0.31100   24     2     1
   2    2    2   0.942696   -28.721505    -1.762729      28.7755  109.59519    3.21352   12     1     1
   2    2    2   0.942696   -28.733498    -1.769801       28.788  109.98953    1.61458   12     2     1
   2    1    4   0.925452    -5.198106    -0.378216      5.21185  112.68105    0.21822   24     1     1
   2    1    4   0.925452    -5.136258    -0.379675      5.15027  113.09897    0.10710   24     2     1
   3    1    2   0.910381    40.087214     2.390810      40.1584  115.58551   13.46660   24     1     1
   3    1    2   0.910381    40.296744     2.400576      40.3682  116.02744    6.84746   24     2     1
   2    0    5   0.890758    -8.860247    -0.655090      8.88443  119.71171    0.35156   12     1     1
   2    0    5   0.890758    -8.753124    -0.657616      8.77779  120.19134    0.17300   12     2     1
   4    0    0   0.876764    -5.078269    -0.378216      5.09233  122.94007    0.06119    6     1     1
   4    0    0   0.876764    -5.016421    -0.379675      5.03077  123.45269    0.03015    6     2     1
   3    0    4   0.867043    59.235766     3.775322       59.356  125.35011   17.42750   12     1     1
   3    0    4   0.867043    59.519137     3.790702      59.6397  125.88969    8.89445   12     2     1
   4    0    1   0.864425     8.735601     0.655090      8.76013  126.02579    0.38487   12     1     1
   4    0    1   0.864425     8.628477     0.657616       8.6535  126.57334    0.18992   12     2     1
   0    0    6   0.861767   -26.315895    -1.762729      26.3749  126.72407    0.58996    2     1     1
   0    0    6   0.861767   -26.327888    -1.769801      26.3873  127.28005    0.29875    2     2     1
