   h    k    l      d (Å)      F(real)      F(imag)          |F|         2θ          I    M ID(λ) Phase
   1    1    0   3.948216    -4.144479    -0.420398      4.16575   22.50112    0.35247    4     1     1
   1    1    0   3.948216    -4.052526    -0.421998      4.07444   22.55633    0.16773    4     2     1
   1    0    1   2.952540   -23.660774    -0.114931      23.6611   30.24609    6.08669    4     1     1
   1    0    1   2.952540   -23.901144    -0.115610      23.9014   30.32110    3.08904    4     2     1
   2    0    0   2.905500    -6.884206     0.308385      6.89111   30.74777    0.24918    2     1     1
   2    0    0   2.905500    -7.069952     0.309452      7.07672   30.82408    0.13070    2     2     1
   0    2    0   2.690500     6.690151    -0.499868       6.7088   33.27342    0.19916    2     1     1
   0    2    0   2.690500     6.943926    -0.501639      6.96202   33.35636    0.10666    2     2     1
   1    1    1   2.588485    78.443713     2.804524      78.4938   34.62532  100.00000    8     1     1
   1    1    1   2.588485    78.459815     2.815772      78.5103   34.71184   49.74939    8     2     1
   2    1    0   2.556613   -80.407114    -2.860807       80.458   35.07089   51.08732    4     1     1
   2    1    0   2.556613   -80.432119    -2.872288      80.4834   35.15859   25.42065    4     2     1
   1    2    0   2.441504    29.628071     1.116588      29.6491   36.78210    6.24945    4     1     1
   1    2    0   2.441504    29.620625     1.121054      29.6418   36.87438    3.10603    4     2     1
   0    2    1   2.116468   -69.624581    -2.603535      69.6732   42.68643   24.79302    4     1     1
   0    2    1   2.116468   -69.658475    -2.613994      69.7075   42.79489   12.33826    4     2     1
   2    1    1   2.049411   -77.844439    -2.533738      77.8857   44.15523   57.42714    8     1     1
   2    1    1   2.049411   -78.037988    -2.544063      78.0794   44.26782   28.69157    8     2     1
   1    2    1   1.988671   -95.960928    -3.117261      96.0115   45.57847   81.23877    8     1     1
   1    2    1   1.988671   -96.221253    -3.129984      96.2721   45.69509   40.60496    8     2     1
   2    2    0   1.974108   -82.253435    -2.727556      82.2986   45.93386   29.32546    4     1     1
   2    2    0   1.974108   -82.459466    -2.738668      82.5049   46.05150   14.65131    4     2     1
   3    1    0   1.822516   -59.561554    -1.828563      59.5896   50.00471   12.67917    4     1     1
   3    1    0   1.822516   -59.807040    -1.836110      59.8352   50.13417    6.35444    4     2     1
   0    0    2   1.714000  -148.622751    -5.538052      148.726   53.41225   33.98505    2     1     1
   1    3    0   1.713879    91.284501     3.550582      91.3535   53.41634   25.64010    4     1     1
   2    2    1   1.710717   -27.282049    -1.155436      27.3065   53.52289    4.56101    8     1     1
   0    0    2   1.714000  -148.918115    -5.560502      149.022   53.55191   16.95910    2     2     1
   1    3    0   1.713879    91.403097     3.564911      91.4726   53.55601   12.77729    4     2     1
   2    2    1   1.710717   -27.278116    -1.160060      27.3028   53.66289    2.26636    8     2     1
   3    0    1   1.686399   111.391461     4.382309      111.478   54.35774   36.69237    4     1     1
   3    0    1   1.686399   111.530994     4.399989      111.618   54.50029   18.28309    4     2     1
   3    1    1   1.609222     2.208333     0.077692       2.2097   57.19797    0.02569    8     1     1
   3    1    1   1.609222     2.216186     0.078010      2.21756   57.34933    0.01286    8     2     1
   1    1    2   1.572239     4.986130     0.420398      5.00382   58.67276    0.12436    8     1     1
   3    2    0   1.571986    59.173061     2.530921      59.2272   58.68310    8.70818    4     1     1
   1    1    2   1.572239     4.894178     0.421998      4.91234   58.82879    0.05957    8     2     1
   3    2    0   1.571986    59.197170     2.541080      59.2517   58.83916    4.33174    4     2     1
   1    3    1   1.532961   -29.490634    -1.266083      29.5178   60.32964    4.06572    8     1     1
   1    3    1   1.532961   -29.508176    -1.271170      29.5355   60.49100    2.02321    8     2     1
   2    3    0   1.526261    23.523554     1.062363      23.5475   60.62223    1.27980    4     1     1
   2    3    0   1.526261    23.514182     1.066609      23.5384   60.78454    0.63560    4     2     1
   2    0    2   1.476270     1.687151    -0.308385       1.7151   62.90421    0.00626    4     1     1
   2    0    2   1.476270     1.872897    -0.309452      1.89829   63.07403    0.00381    4     2     1
   4    0    0   1.452750   -35.202165    -1.610718       35.239   64.04244    1.26972    2     1     1
   4    0    0   1.452750   -35.196944    -1.617165      35.2341   64.21608    0.63096    2     2     1
   0    2    2   1.445582    -0.294283     0.499868      0.58006   64.39813    0.00068    4     1     1
   0    2    2   1.445582    -0.548057     0.501639     0.742973   64.57298    0.00055    4     2     1
   3    2    1   1.428908   -31.770878    -1.653210      31.8139   65.24213    3.97658    8     1     1
   3    2    1   1.428908   -31.672626    -1.659743      31.7161   65.41985    1.96456    8     2     1
   2    1    2   1.423664    63.334452     2.860807       63.399   65.51248   15.65249    8     1     1
   2    1    2   1.423664    63.359458     2.872288      63.4245   65.69112    7.78695    8     2     1
   1    2    2   1.402827   -23.786274    -1.116588      23.8125   66.61100    2.13120    8     1     1
   4    1    0   1.402535   -60.340358    -2.774856      60.4041   66.62667    6.85334    4     1     1
   1    2    2   1.402827   -23.778828    -1.121054      23.8052   66.79343    1.05881    8     2     1
   4    1    0   1.402535   -60.351160    -2.785981      60.4154   66.80915    3.40816    4     2     1
   2    3    1   1.394306    23.865698     1.431174      23.9086   67.07170    2.11737    8     1     1
   2    3    1   1.394306    23.699821     1.436755      23.7433   67.25573    1.03809    8     2     1
   0    4    0   1.345250    53.534089     2.041024       53.573   69.86412    2.44278    2     1     1
   0    4    0   1.345250    53.803628     2.049445      53.8426   70.05807    1.22682    2     2     1
   3    3    0   1.316072   -46.425047    -1.792583      46.4596   71.64833    3.49414    4     1     1
   3    3    0   1.316072   -46.669369    -1.799985      46.7041   71.84879    1.75587    4     2     1
   1    4    0   1.310589   -42.913511    -1.990723      42.9597   71.99474    2.95949    4     1     1
   1    4    0   1.310589   -42.957084    -1.998737      43.0036   72.19648    1.47473    4     2     1
   4    1    1   1.298089    26.943374     0.842546      26.9565   72.79844    2.28108    8     1     1
   4    1    1   1.298089    27.206155     0.846159      27.2193   73.00318    1.15666    8     2     1
   2    2    2   1.294243    63.603051     2.727556      63.6615   73.04974   12.63884    8     1     1
   2    2    2   1.294243    63.809082     2.738668      63.8678   73.25542    6.32655    8     2     1
   4    2    0   1.278306    28.720096     1.362124      28.7524   74.11144    1.25452    4     1     1
   4    2    0   1.278306    28.745512     1.367603       28.778   74.32114    0.62510    4     2     1
   0    4    1   1.252275    65.646684     3.272935      65.7282   75.92091    6.27492    4     1     1
   0    4    1   1.252275    65.636656     3.286036      65.7189   76.13759    3.12082    4     2     1
   3    1    2   1.248582    45.027544     1.828563      45.0647   76.18558    5.86326    8     1     1
   3    1    2   1.248582    45.273030     1.836110      45.3102   76.40329    2.94888    8     2     1
   3    3    1   1.228637     3.985435     0.162707      3.98876   77.65124    0.04445    8     1     1
   3    3    1   1.228637     4.008485     0.163379      4.01181   77.87475    0.02238    8     2     1
   1    4    1   1.224172   -44.465703    -1.834436      44.5035   77.98794    5.49391    8     1     1
   1    4    1   1.224172   -44.715883    -1.842011      44.7538   78.21280    2.76474    8     2     1
   2    4    0   1.220752   -34.668608    -1.433238      34.6982   78.24811    1.66068    4     1     1
   2    4    0   1.220752   -34.864722    -1.439157      34.8944   78.47402    0.83579    4     2     1
   1    3    2   1.211938   -73.774390    -3.550582      73.8598   78.92761   14.83909    8     1     1
   1    3    2   1.211938   -73.892986    -3.564911      73.9789   79.15627    7.40913    8     2     1
   4    2    1   1.197740    23.956914     1.212631      23.9876   80.05048    1.53078    8     1     1
   4    2    1   1.197740    23.964149     1.217495      23.9951   80.28376    0.76246    8     2     1
   3    2    2   1.158520   -49.083196    -2.530921      49.1484   83.34883    6.06546    8     1     1
   3    2    2   1.158520   -49.107305    -2.541080       49.173   83.59611    3.02402    8     2     1
   2    4    1   1.150008    38.291636     1.959241      38.3417   84.10606    3.64857    8     1     1
   2    4    1   1.150008    38.328510     1.967122       38.379   84.35665    1.82103    8     2     1
   2    3    2   1.139848   -19.830769    -1.062363      19.8592   85.03088    0.96577    8     1     1
   2    3    2   1.139848   -19.821396    -1.066609      19.8501   85.28558    0.48074    8     2     1
   5    1    0   1.136006    64.903251     3.065589      64.9756   85.38672    5.14377    4     1     1
   5    1    0   1.136006    65.169060     3.078110      65.2417   85.64302    2.58403    4     2     1
   4    3    0   1.128916    26.970080     1.389683      27.0059   86.05237    0.88075    4     1     1
   4    3    0   1.128916    27.003738     1.395280      27.0398   86.31168    0.44002    4     2     1
   1    0    3   1.121196     8.337389     0.114931      8.33818   86.79112    0.08319    4     1     1
   1    0    3   1.121196     8.577759     0.115610      8.57854   87.05380    0.04389    4     2     1
   4    0    2   1.108230    29.694037     1.610718      29.7377   88.06542    1.04274    4     1     1
   4    0    2   1.108230    29.688816     1.617165      29.7328   88.33403    0.51971    4     2     1
   3    4    0   1.104918   -63.375530    -3.417710      63.4676   88.39798    4.73298    4     1     1
   3    4    0   1.104918   -63.385032    -3.431408      63.4778   88.66816    2.36068    4     2     1
   5    0    1   1.100664    46.864376     2.416530      46.9266   88.82950    2.57606    4     1     1
   5    0    1   1.100664    46.960446     2.426296      47.0231   89.10172    1.28987    4     2     1
   1    1    3   1.097622   -51.944189    -2.804524      52.0198   89.14100    6.31187    8     1     1
   1    1    3   1.097622   -51.960291    -2.815772      52.0365   89.41472    3.14976    8     2     1
   4    1    2   1.085449    50.829041     2.774856      50.9047   90.41403    5.97559    8     1     1
   4    1    2   1.085449    50.839843     2.785981      50.9161   90.69391    2.98233    8     2     1
   5    1    1   1.078337   -52.622046    -2.867279      52.7001   91.17790    6.36610    8     1     1
   5    1    1   1.078337   -52.649252    -2.878789      52.7279   91.46155    3.17980    8     2     1
   4    3    1   1.072268    93.617712     4.822792      93.7419   91.84192   20.04767    8     1     1
   4    3    1   1.072268    93.906560     4.842371      94.0313   92.12889   10.06670    8     2     1
   5    2    0   1.066915    23.688565     1.300030      23.7242   92.43716    0.63956    4     1     1
   5    2    0   1.066915    23.702410     1.305249      23.7383   92.72713    0.31961    4     2     1
   0    4    2   1.058234   -42.335575    -2.041024      42.3847   93.42254    2.03007    4     1     1
   1    5    0   1.058205   -35.981993    -2.110397      36.0438   93.42582    1.46807    4     1     1
   0    4    2   1.058234   -42.605114    -2.049445      42.6544   93.71756    1.02649    4     2     1
   1    5    0   1.058205   -35.902660    -2.118778      35.9651   93.72086    0.72977    4     2     1
   0    2    3   1.051743    47.017000     2.603535       47.089   94.17588    2.49684    4     1     1
   3    4    1   1.051640    18.356168     0.894464      18.3779   94.18802    0.76059    8     1     1
   0    2    3   1.051743    47.050895     2.613994      47.1235   94.47483    1.24869    4     2     1
   3    4    1   1.051640    18.471106     0.898151      18.4929   94.48703    0.38459    8     2     1
   3    3    2   1.043853    36.774502     1.792583      36.8182   95.11173    3.04193    8     1     1
   2    1    3   1.043211    48.785097     2.533738      48.8508   95.18883    5.35375    8     1     1
   3    3    2   1.043853    37.018824     1.799985      37.0626   95.41563    1.53973    8     2     1
   1    4    2   1.041111    36.009659     1.990723      36.0646   95.44225    2.91563    8     1     1
   2    1    3   1.043211    48.978646     2.544063      49.0447   95.49314    2.69561    8     2     1
   1    4    2   1.041111    36.053232     1.998737      36.1086   95.74792    1.46010    8     2     1
   1    2    3   1.034929    59.989628     3.117261      60.0706   96.19783    8.07297    8     1     1
   1    2    3   1.034929    60.249953     3.129984      60.3312   96.50759    4.06897    8     2     1
   4    2    2   1.024706   -24.211957    -1.362124      24.2502   97.47997    1.31299    8     1     1
   4    2    2   1.024706   -24.237373    -1.367603      24.2759   97.79682    0.65773    8     2     1
   5    2    1   1.018715    -9.926158    -0.656227      9.94783   98.25102    0.22085    8     1     1
   5    2    1   1.018715    -9.851151    -0.658787      9.87315   98.57222    0.10877    8     2     1
   1    5    1   1.011125   -21.806376    -1.241191      21.8417   99.25002    1.06503    8     1     1
   2    5    0   1.009195    15.169111     0.905684      15.1961   99.50807    0.25783    4     1     1
   1    5    1   1.011125   -21.829660    -1.246184      21.8652   99.57695    0.53383    8     2     1
   2    5    0   1.009195    15.147679     0.909293      15.1749   99.83650    0.12861    4     2     1
   2    4    2   0.994335    27.796289     1.433238      27.8332  101.55291    1.73719    8     1     1
   2    4    2   0.994335    27.992403     1.439157      28.0294  101.89352    0.88184    8     2     1
   2    2    3   0.988945    19.454246     1.155436      19.4885  102.32121    0.85391    8     1     1
   4    4    0   0.987054     2.035127     0.103547      2.03776  102.59435    0.00467    4     1     1
   2    2    3   0.988945    19.450312     1.160060      19.4849  102.66654    0.42737    8     2     1
   4    4    0   0.987054     2.051884     0.103977      2.05452  102.94138    0.00238    4     2     1
   3    0    3   0.984180   -76.112958    -4.382309       76.239  103.01294    6.55237    4     1     1
   3    0    3   0.984180   -76.252491    -4.399989      76.3793  103.36259    3.29348    4     2     1
   5    3    0   0.975353   -10.886859    -0.886858      10.9229  104.32644    0.13538    4     1     1
   5    3    0   0.975353   -10.648908    -0.890194      10.6861  104.68447    0.06492    4     2     1
   6    0    0   0.968500   -34.814705    -2.242305      34.8868  105.37665    0.69490    2     1     1
   3    1    3   0.968120    -1.414324    -0.077692      1.41646  105.43563    0.00458    8     1     1
   2    5    1   0.968114   -72.784359    -4.192597       72.905  105.43668   12.14357    8     1     1
   6    0    0   0.968500   -34.665707    -2.251151      34.7387  105.74156    0.34534    2     2     1
   3    1    3   0.968120    -1.422176    -0.078010      1.42431  105.80093    0.00232    8     2     1
   2    5    1   0.968114   -72.987110    -4.209575      73.1084  105.80199    6.12067    8     2     1
   6    1    0   0.953184    -1.570361    -0.089691      1.57292  107.82723    0.00288    4     1     1
   6    1    0   0.953184    -1.577207    -0.090057      1.57978  108.20887    0.00146    4     2     1
   1    3    3   0.950735    20.924786     1.266083      20.9631  108.23314    1.02594    8     1     1
   4    4    1   0.948517   -28.752541    -1.752791      28.8059  108.60450    1.94372    8     1     1
   1    3    3   0.950735    20.942327     1.271170      20.9809  108.61765    0.51563    8     2     1
   5    1    2   0.946909   -53.750305    -3.065589      53.8377  108.87574    6.80672    8     1     1
   4    4    1   0.948517   -28.766494    -1.759824      28.8203  108.99166    0.97635    8     2     1
   5    1    2   0.946909   -54.016114    -3.078110      54.1037  109.26485    3.44989    8     2     1
   4    3    2   0.942791   -22.994121    -1.389683      23.0361  109.57875    1.25469    8     1     1
   3    5    0   0.940750   -32.874777    -1.819224      32.9251  109.93194    1.28615    4     1     1
   4    3    2   0.942791   -23.027779    -1.395280        23.07  109.97298    0.63171    8     2     1
   3    5    0   0.940750   -33.117443    -1.826731      33.1678  110.32877    0.65529    4     2     1
   5    3    1   0.938120    16.016098     1.007496      16.0478  110.39149    0.61401    8     1     1
   5    3    1   0.938120    15.999889     1.011516      16.0318  110.79174    0.30772    8     2     1
   3    4    2   0.928678    54.726251     3.417710      54.8329  112.08550    7.30618    8     1     1
   3    4    2   0.928678    54.735754     3.431408      54.8432  112.49872    3.67265    8     2     1
   3    2    3   0.924282    24.991496     1.653210      25.0461  112.89908    1.53952    8     1     1
   3    2    3   0.924282    24.893244     1.659743      24.9485  113.31873    0.76782    8     2     1
   6    1    1   0.918343   -27.465560    -1.566789      27.5102  114.02495    1.88441    8     1     1
   6    1    1   0.918343   -27.674671    -1.573255      27.7194  114.45374    0.96210    8     2     1
   2    3    3   0.914717   -20.441437    -1.431174      20.4915  114.72823    1.05550    8     1     1
   2    3    3   0.914717   -20.275560    -1.436755      20.3264  115.16287    0.52242    8     2     1
   6    2    0   0.911258    61.824484     3.788635      61.9405  115.41054    4.86820    4     1     1
   6    2    0   0.911258    62.014191     3.803983      62.1308  115.85097    2.46461    4     2     1
   3    5    1   0.907208     4.792931     0.276720      4.80091  116.22456    0.05919    8     1     1
   5    2    2   0.905770   -20.455143    -1.300030      20.4964  116.51745    1.08345    8     1     1
   3    5    1   0.907208     4.831288     0.277864      4.83927  116.67204    0.03027    8     2     1
   5    2    2   0.905770   -20.468988    -1.305249      20.5106  116.96751    0.54617    8     2     1
   1    5    2   0.900423    31.812763     2.110397      31.8827  117.62632    2.66644    8     1     1
   1    5    2   0.900423    31.733429     2.118778      31.8041  118.08633    1.33633    8     2     1
   0    6    0   0.896833    71.639074     4.422391      71.7754  118.38817    3.41958    2     1     1
   0    6    0   0.896833    71.922283     4.440361      72.0592  118.85521    1.73649    2     2     1
   1    6    0   0.886340    13.552997     0.914461      13.5838  120.70287    0.25470    4     1     1
   4    1    3   0.885878   -15.736955    -0.842546      15.7595  120.80778    0.68692    8     1     1
   1    6    0   0.886340    13.514324     0.918089      13.5455  121.19227    0.12774    4     2     1
   4    1    3   0.885878   -15.999736    -0.846159      16.0221  121.29824    0.35811    8     2     1
   6    2    1   0.880673    36.459828     2.396415      36.5385  122.01140    3.77326    8     1     1
   5    4    0   0.879453   -26.052576    -1.716515      26.1091  122.29901    0.96843    4     1     1
   6    2    1   0.880673    36.465820     2.406019      36.5451  122.51418    1.90492    8     2     1
   5    4    0   0.879453   -26.054275    -1.723392      26.1112  122.80481    0.48888    4     2     1
   0    4    3   0.870897   -49.064334    -3.272935      49.1734  124.37678    3.57409    4     1     1
   2    5    2   0.869647   -13.372386    -0.905684       13.403  124.68981    0.53435    8     1     1
   0    4    3   0.870897   -49.054306    -3.286036      49.1642  124.90520    1.80519    4     2     1
   0    6    1   0.867632   -44.317214    -2.916542      44.4131  125.19978    2.96374    4     1     1
   2    5    2   0.869647   -13.350954    -0.909293      13.3819  125.22179    0.26918    8     2     1
   0    6    1   0.867632   -44.385343    -2.928286      44.4818  125.73762    1.50276    4     2     1
   4    5    0   0.864763    22.015643     1.443549      22.0629  125.93787    0.74244    4     1     1
   3    3    3   0.862828    -2.641465    -0.162707      2.64647  126.44364    0.02159    8     1     1
   4    5    0   0.864763    22.065696     1.449376      22.1132  126.48437    0.37716    4     2     1
   1    4    3   0.861278    29.616931     1.834436      29.6737  126.85385    2.73766    8     1     1
   3    3    3   0.862828    -2.664514    -0.163379      2.66952  126.99620    0.01111    8     2     1
   1    4    3   0.861278    29.867112     1.842011      29.9239  127.41142    1.40855    8     2     1
   1    6    1   0.858120   -11.394256    -0.619832      11.4111  127.70330    0.41223    8     1     1
   0    0    4   0.857000    84.580610     5.538052      84.7617  128.00914    5.72385    2     1     1
   2    6    0   0.856939    -4.807565    -0.209547      4.81213  128.02580    0.03691    4     1     1
   1    6    1   0.858120   -11.633818    -0.622532      11.6505  128.27146    0.21751    8     2     1
   4    4    2   0.855359    -1.680254    -0.103547      1.68344  128.46188    0.00912    8     1     1
   0    0    4   0.857000    84.875974     5.560502      85.0579  128.58119    2.91816    2     2     1
   2    6    0   0.856939    -4.993507    -0.210556      4.99794  128.59807    0.02016    4     2     1
   4    4    2   0.855359    -1.697011    -0.103977      1.70019  129.03978    0.00471    8     2     1
