   h    k    l      d (Å)      F(real)      F(imag)          |F|         2θ          I    M ID(λ) Phase
   2    1    1   1.920246   -73.019522    -2.253394      73.0543   47.29951  100.00000    8     1     1
   1    1    2   1.982130   -62.090933    -1.915897      62.1205   45.73738   78.02029    8     1     1
   0    1    1   2.864781   -53.039433    -1.209643      53.0532   31.19585   66.20941    4     1     1
   2    1    1   1.920246   -73.269649    -2.262802      73.3046   47.42107   50.05096    8     2     1
   1    1    2   1.982130   -62.283960    -1.923935      62.3137   45.85446   39.02689    8     2     1
   0    1    1   2.864781   -53.288825    -1.214465      53.3027   31.27333   33.23870    4     2     1
   2    0    2   1.901835   -58.689343    -1.839180      58.7182   47.78577   31.56057    4     1     1
   1    1    1   2.506390    29.734977     0.999187      29.7518   35.79715   30.88799    8     1     1
   0    2    0   1.666050   -96.056313    -3.334397      96.1142   55.07757   30.60501    2     1     1
   1    0    3   1.758541   -59.871396    -1.877984      59.9008   51.95669   27.15062    4     1     1
   2    0    0   2.587600    51.533773     1.179866      51.5473   34.63754   24.91063    2     1     1
   3    1    4   1.034397    63.332215     3.133144      63.4097   96.26357   20.79681    8     1     1
   0    1    3   1.630613    56.842280     2.084668      56.8805   56.37998   20.32988    4     1     1
   1    0    2   2.465857   -33.056773    -1.088654      33.0747   36.40602   18.39323    4     1     1
   3    0    1   1.648857    52.121937     1.887133      52.1561   55.70149   17.56895    4     1     1
   2    0    2   1.901835   -58.880638    -1.846885      58.9096   47.90874   15.79095    4     2     1
   1    1    1   2.506390    29.731767     1.003586      29.7487   35.88680   15.35642    8     2     1
   0    2    0   1.666050   -96.330144    -3.348510      96.3883   55.22233   15.29841    2     2     1
   2    1    0   2.043726   -35.609781    -1.232586      35.6311   44.28456   13.80410    4     1     1
   1    0    3   1.758541   -60.122214    -1.885741      60.1518   52.09196   13.60845    4     2     1
   2    2    2   1.253195    44.562695     1.839180      44.6006   75.85531   13.38200    8     1     1
   0    0    2   2.804700   -34.326560    -0.734892      34.3344   31.88170   13.23015    2     1     1
   1    2    3   1.209452    44.872026     1.877984      44.9113   79.12168   12.63669    8     1     1
   2    0    0   2.587600    51.802304     1.184519      51.8158   34.72409   12.51709    2     2     1
   4    1    1   1.179127   -45.688203    -1.968252      45.7306   81.57825   12.50717    8     1     1
   3    2    1   1.171949   -42.153260    -1.887133      42.1955   82.18521   10.53679    8     1     1
   1    0    1   3.803670    15.556978     0.271209      15.5593   23.36802   10.50686    4     1     1
   3    1    4   1.034397    63.602744     3.146379      63.6805   96.57369   10.48090    8     2     1
   0    1    3   1.630613    56.947684     2.093622      56.9862   56.52877   10.14198    4     2     1
   2    3    1   1.004160    44.176123     2.253394      44.2336  100.18926   10.11236    8     1     1
   1    2    5   0.915880   -41.215071    -2.334001      41.2811  114.50135    9.87428    8     1     1
   1    1    4   1.254023    38.246211     1.501226      38.2757   75.79634    9.86926    8     1     1
   5    1    2   0.932250   -41.135840    -2.265236      41.1982  111.43631    9.46513    8     1     1
   1    0    2   2.465857   -33.068147    -1.093417      33.0862   36.49729    9.15255    4     2     1
   3    0    1   1.648857    52.227034     1.895219      52.2614   55.84818    8.76750    4     2     1
   1    3    2   1.012708    37.913862     1.915897      37.9622   99.03966    7.43816    8     1     1
   3    0    3   1.267890   -45.113854    -1.801136      45.1498   74.82398    7.02790    4     1     1
   2    1    0   2.043726   -35.638427    -1.237947      35.6599   44.39751    6.87365    4     2     1
   1    0    5   1.096414    50.133252     2.334001      50.1876   89.26554    6.78426    4     1     1
   2    2    2   1.253195    44.753990     1.846885      44.7921   76.07173    6.71462    8     2     1
   0    0    2   2.804700   -34.516724    -0.737745      34.5246   31.96098    6.65279    2     2     1
   3    2    3   1.008952    35.472275     1.801136       35.518   99.54068    6.51396    8     1     1
   1    2    3   1.209452    45.122845     1.885741      45.1622   79.35114    6.35982    8     2     1
   4    1    1   1.179127   -45.934208    -1.976415      45.9767   81.81793    6.29459    8     2     1
   1    2    2   1.380489    25.996635     1.088654      26.0194   67.83357    5.66284    8     1     1
   1    0    1   3.803670    15.660074     0.272197      15.6624   23.42542    5.29604    4     2     1
   2    2    0   1.400807   -34.941438    -1.179866      34.9614   66.71961    5.29300    4     1     1
   3    2    1   1.171949   -42.258357    -1.895219      42.3008   82.42747    5.27311    8     2     1
   2    3    1   1.004160    44.426250     2.262802      44.4838  100.52169    5.11678    8     2     1
   1    2    5   0.915880   -41.465756    -2.343763      41.5319  114.93409    5.02710    8     2     1
   1    1    4   1.254023    38.516311     1.507289      38.5458   76.01253    4.97932    8     2     1
   6    0    0   0.862533    51.840877     3.117977      51.9346  126.52136    4.81396    2     1     1
   2    0    6   0.879271    38.172099     2.247614      38.2382  122.34204    4.80689    4     1     1
   5    1    2   0.932250   -41.324007    -2.274820      41.3866  111.84449    4.79848    8     2     1
   4    2    2   0.960123    28.761752     1.546097      28.8033  106.69853    4.42216    8     1     1
   0    3    3   0.954927   -39.110557    -2.084668      39.1661  107.54073    4.11581    4     1     1
   1    3    4   0.858620   -23.483900    -1.501226      23.5318  127.56759    4.04173    8     1     1
   2    0    3   1.515536    27.677278     1.109056      27.6995   61.09688    4.02430    4     1     1
   4    0    2   1.174826   -35.705401    -1.546097      35.7389   81.94075    3.79532    4     1     1
   1    1    6   0.886826   -24.310279    -1.447368      24.3533  120.59250    3.77865    8     1     1
   1    3    2   1.012708    38.106890     1.923935      38.1554   99.36537    3.75798    8     2     1
   3    0    3   1.267890   -45.362125    -1.808560      45.3982   75.03641    3.53443    4     2     1
   1    0    5   1.096414    50.383937     2.343763      50.4384   89.53985    3.41734    4     2     1
   4    0    0   1.293800    43.424074     1.676462      43.4564   73.07877    3.40182    2     1     1
   3    2    3   1.008952    35.720547     1.808560      35.7663   99.86930    3.30406    8     2     1
   2    2    3   1.121089   -23.581031    -1.109056      23.6071   86.80141    3.08327    8     1     1
   5    0    3   0.905555   -31.710603    -1.838316      31.7638  116.56149    3.01034    4     1     1
   4    2    0   1.021863   -33.528125    -1.676462        33.57   97.84400    2.90819    4     1     1
   1    2    2   1.380489    26.008008     1.093417       26.031   68.02027    2.81775    8     2     1
   2    2    0   1.400807   -35.209969    -1.184519      35.2299   66.90242    2.67181    4     2     1
   4    2    3   0.896691    20.611619     1.137682       20.643  118.41865    2.61745    8     1     1
   0    1    5   1.063234    31.094602     1.501409      31.1308   92.85198    2.54010    4     1     1
   1    1    5   1.041481   -22.040861    -1.089809      22.0678   95.39750    2.52455    8     1     1
   6    0    0   0.862533    52.102672     3.131163      52.1967  127.07487    2.45977    2     2     1
   2    0    6   0.879271    38.365946     2.257109      38.4323  122.84828    2.45095    4     2     1
   0    2    2   1.432391    22.880372     0.734892      22.8922   65.06390    2.39452    4     1     1
   4    2    2   0.960123    28.949758     1.552520      28.9914  107.07235    2.24657    8     2     1
   4    1    2   1.107975    20.129679     0.945588      20.1519   88.09091    2.21382    8     1     1
   1    3    1   1.066174   -20.494787    -0.999187      20.5191   92.52030    2.21139    8     1     1
   1    3    4   0.858620   -23.754000    -1.507289      23.8018  128.13404    2.09292    8     2     1
   0    3    3   0.954927   -39.215962    -2.093622      39.2718  107.92036    2.07570    4     2     1
   2    0    3   1.515536    27.689336     1.113907      27.7117   61.26074    2.00198    4     2     1
   4    2    1   1.005318    19.603014     0.996517      19.6283  100.03160    1.99068    8     1     1
   1    2    4   1.050539    19.400024     0.955958      19.4236   94.31734    1.96344    8     1     1
   1    0    4   1.353537   -22.120315    -0.955958       22.141   69.37484    1.95730    4     1     1
   1    1    6   0.886826   -24.500628    -1.453352      24.5437  121.08080    1.93557    8     2     1
   4    0    2   1.174826   -35.893407    -1.552520       35.927   82.18197    1.90977    4     2     1
   0    3    1   1.089547    26.414787     1.209643      26.4425   89.98077    1.87102    4     1     1
   4    0    1   1.260701   -23.375290    -0.996517      23.3965   75.32465    1.86451    4     1     1
   4    0    0   1.293800    43.689635     1.683304      43.7221   73.28456    1.71260    2     2     1
   5    1    1   0.973453   -17.420287    -0.909156       17.444  104.61496    1.59940    8     1     1
   2    3    0   1.020647    24.563182     1.232586      24.5941   98.00071    1.56080    4     1     1
   5    0    3   0.905555   -31.954156    -1.845913      32.0074  117.01194    1.53878    4     2     1
   2    2    3   1.121089   -23.593089    -1.113907      23.6194   87.06414    1.53838    8     2     1
   4    2    0   1.021863   -33.793687    -1.683304      33.8356   98.16289    1.47700    4     2     1
   4    0    3   1.063932   -23.258201    -1.137682       23.286   92.77290    1.42186    4     1     1
   4    2    3   0.896691    20.593828     1.142718      20.6255  118.88598    1.31650    8     2     1
   0    1    5   1.063234    31.201285     1.507797      31.2377   93.14406    1.27672    4     2     1
   1    1    5   1.041481   -22.055044    -1.094571      22.0822   95.70293    1.26281    8     2     1
   0    2    2   1.432391    23.070535     0.737745      23.0823   65.24100    1.21013    4     2     1
   2    1    2   1.651729    -9.403047    -0.396085      9.41138   55.59623    1.14905    8     1     1
   4    1    0   1.206074    19.079294     0.893486      19.1002   79.38705    1.13674    4     1     1
   4    1    2   1.107975    20.168441     0.949667      20.1908   88.35964    1.10802    8     2     1
   1    3    1   1.066174   -20.491577    -1.003586      20.5161   92.81069    1.10348    8     2     1
   1    2    1   1.526077   -10.062654    -0.271209      10.0663   60.63029    1.08126    8     1     1
   3    1    2   1.344460   -11.363443    -0.308272      11.3676   69.91118    1.01587    8     1     1
   4    2    1   1.005318    19.653307     1.000798      19.6788  100.36310    1.00104    8     2     1
   2    0    1   2.349651     8.143989     0.324706      8.15046   38.27476    1.00029    4     1     1
   1    2    4   1.050539    19.388602     0.960183      19.4124   94.61703    0.97941    8     2     1
   1    0    4   1.353537   -22.108893    -0.960183      22.1297   69.56703    0.97216    4     2     1
   0    3    1   1.089547    26.664179     1.214465      26.6918   90.25854    0.95096    4     2     1
   4    0    1   1.260701   -23.425584    -1.000798       23.447   75.53901    0.93151    4     2     1
   3    1    1   1.477820    -9.439969    -0.368195      9.44715   62.83071    0.88005    8     1     1
   2    2    5   0.875664   -11.196302    -0.640486      11.2146  123.20536    0.84043    8     1     1
   5    1    1   0.973453   -17.447049    -0.913099      17.4709  104.97487    0.80390    8     2     1
   2    3    0   1.020647    24.591828     1.237947       24.623   98.32048    0.78217    4     2     1
   4    0    3   1.063932   -23.240409    -1.142718      23.2685   93.06459    0.70870    4     2     1
   4    1    4   0.914410   -10.879211    -0.594643      10.8954  114.78819    0.69055    8     1     1
   2    1    4   1.156311    10.366968     0.480014      10.3781   83.54387    0.62343    8     1     1
   3    2    4   0.911051    -9.871411    -0.555425      9.88702  115.45183    0.57395    8     1     1
   2    1    2   1.651729    -9.385187    -0.397862      9.39362   55.74259    0.56895    8     2     1
   4    1    0   1.206074    19.028490     0.897515      19.0496   79.61760    0.56279    4     2     1
   1    2    1   1.526077   -10.165750    -0.272197      10.1694   60.79263    0.54848    8     2     1
   3    1    2   1.344460   -11.551646    -0.309253      11.5558   70.10530    0.52196    8     2     1
   2    0    1   2.349651     8.120251     0.326181       8.1268   38.37108    0.49449    4     2     1
   0    0    4   1.402350   -14.857198    -0.621801      14.8702   66.63660    0.48004    2     1     1
   3    0    5   0.940487    12.937594     0.753455      12.9595  109.97763    0.46096    4     1     1
   3    1    1   1.477820    -9.455796    -0.369782      9.46302   63.00029    0.43890    8     2     1
   0    2    4   1.072876    12.822542     0.621801      12.8376   91.77482    0.43488    4     1     1
   2    0    5   1.029302    12.844935     0.640486      12.8609   96.89836    0.42726    4     1     1
   2    2    5   0.875664   -11.207723    -0.643279      11.2262  123.72084    0.42526    8     2     1
   4    1    3   1.013521     8.938744     0.451769      8.95015   98.93192    0.41342    8     1     1
   2    2    1   1.359070    -7.068464    -0.324706      7.07592   69.05227    0.40365    8     1     1
   3    0    4   1.088157    11.747570     0.555425      11.7607   90.12714    0.36965    4     1     1
   4    1    4   0.914410   -10.880064    -0.597255      10.8964  115.22334    0.34744    8     2     1
   5    1    3   0.873860     7.017729     0.428507       7.0308  123.64471    0.33312    8     1     1
   2    1    4   1.156311    10.367984     0.482122      10.3792   83.79200    0.31059    8     2     1
   2    3    2   0.959115     7.600184     0.396085       7.6105  106.86065    0.30911    8     1     1
   3    2    4   0.911051    -9.911900    -0.557786      9.92758  115.89262    0.29117    8     2     1
   2    2    4   0.991065    -7.247637    -0.371580      7.25716  102.01732    0.27349    8     1     1
   3    3    1   0.921192     6.687270     0.368195       6.6974  113.48100    0.25642    8     1     1
   3    0    5   0.940487    13.182951     0.756280      13.2046  110.37479    0.24027    4     2     1
   0    0    4   1.402350   -14.859630    -0.624529      14.8727   66.81912    0.23871    2     2     1
   3    1    3   1.185003     6.232871     0.265329      6.23852   81.08889    0.23481    8     1     1
   2    0    4   1.232929     8.297946     0.371580      8.30626   77.33057    0.22443    4     1     1
   0    2    4   1.072876    12.824974     0.624529      12.8402   92.06145    0.21711    4     2     1
   2    0    5   1.029302    12.856356     0.643279      12.8724   97.21197    0.21392    4     2     1
   4    1    3   1.013521     9.039149     0.453555      9.05052   99.25700    0.21142    8     2     1
   2    2    1   1.359070    -7.044726    -0.326181      7.05227   69.24330    0.19935    8     2     1
   2    1    5   0.983450     6.161771     0.329121      6.17055  103.12002    0.19859    8     1     1
   3    0    4   1.088157    11.788059     0.557786      11.8012   90.40562    0.18566    4     2     1
   5    1    3   0.873860     7.078978     0.430269      7.09204  124.16498    0.17119    8     2     1
   2    3    2   0.959115     7.582325     0.397862      7.59276  107.23557    0.15429    8     2     1
   1    1    3   1.555240     3.642937     0.129355      3.64523   59.37788    0.14857    8     1     1
   2    2    4   0.991065    -7.247055    -0.373215      7.25666  102.36078    0.13690    8     2     1
   5    0    2   0.971028     7.031014     0.359188      7.04018  104.98603    0.13055    4     1     1
   3    3    1   0.921192     6.703097     0.369782      6.71329  113.90534    0.12953    8     2     1
   3    1    3   1.185003     6.269872     0.266422      6.27553   81.32650    0.11829    8     2     1
   2    0    4   1.232929     8.297364     0.373215      8.30575   77.55280    0.11166    4     2     1
   3    3    2   0.886045     4.004493     0.308272      4.01634  120.76978    0.10309    8     1     1
   2    1    5   0.983450     6.265773     0.330362      6.27448  103.47035    0.10284    8     2     1
   5    2    1   0.868585     3.488812     0.149256        3.492  124.95773    0.08432    8     1     1
   1    1    3   1.555240     3.655386     0.129899      3.65769   59.53617    0.07435    8     2     1
   5    0    2   0.971028     6.985369     0.360858      6.99468  105.34836    0.06458    4     2     1
   3    3    2   0.886045     4.192696     0.309253      4.20409  121.25985    0.05697    8     2     1
   5    2    1   0.868585     3.389479     0.150109       3.3928  125.49277    0.04023    8     2     1
   1    3    3   0.939074    -2.359352    -0.129355       2.3629  110.22408    0.03073    8     1     1
   5    0    1   1.017857    -2.955292    -0.149256      2.95906   98.36269    0.02259    4     1     1
   2    3    3   0.895869     1.872218     0.062724      1.87327  118.59527    0.02162    8     1     1
   1    0    6   0.920009    -2.605208    -0.144715      2.60922  113.70611    0.01952    4     1     1
   4    0    4   0.950917     2.426181     0.128172      2.42956  108.20282    0.01593    4     1     1
   1    3    3   0.939074    -2.371801    -0.129899      2.37536  110.62308    0.01559    8     2     1
   5    0    1   1.017857    -2.855960    -0.150109       2.8599   98.68452    0.01055    4     2     1
   1    0    6   0.920009    -2.614740    -0.145332      2.61878  114.13229    0.00989    4     2     1
   2    3    3   0.895869     1.771292     0.063200      1.77242  119.06425    0.00975    8     2     1
   4    0    4   0.950917     2.425166     0.128738      2.42858  108.58712    0.00799    4     2     1
   2    1    3   1.379546     0.975018    -0.062724     0.977034   67.88624    0.00797    8     1     1
   2    1    3   1.379546     1.075944    -0.063200       1.0778   68.07313    0.00482    8     2     1
   3    2    2   1.102014    -0.662591    -0.039365     0.663759   88.69201    0.00239    8     1     1
   0    0    6   0.934900     1.148849     0.114101       1.1545  110.96125    0.00185    2     1     1
   0    0    6   0.934900     1.339664     0.114224      1.34452  111.36580    0.00126    2     2     1
   3    2    2   1.102014    -0.634696    -0.039593      0.63593   88.96359    0.00109    8     2     1
   3    1    5   0.905124    -0.270565    -0.028666     0.272079  116.64982    0.00044    8     1     1
   3    1    5   0.905124    -0.306982    -0.028720     0.308323  117.10105    0.00029    8     2     1
   3    0    2   1.469378     0.129903     0.039365     0.135736   63.23323    0.00009    4     1     1
   3    0    2   1.469378     0.102008     0.039593     0.109422   63.40415    0.00003    4     2     1
