   h    k    l      d (Å)      F(real)      F(imag)          |F|         2θ          I    M ID(λ) Phase
   1    1    0   3.179704    -0.308510    17.642516      17.6452   28.03924   15.87911   12     1     1
   1    1    0   3.179704    -0.309618    17.767699      17.7704   28.10854    8.01043   12     2     1
   1    1    1   2.596217    26.427668   -18.992056      32.5441   34.51896   11.50846    4     1     1
   1    1   -1   2.596217    25.631119    20.485664      32.8118   34.51896   11.69858    4     1     1
   1    1    1   2.596217    26.486408   -19.119043       32.666   34.60519    5.76595    4     2     1
   1    1   -1   2.596217    25.686874    20.618988      32.9387   34.60519    5.86262    4     2     1
   2    0    0   2.248390   -25.265861    -0.745180      25.2768   40.07061    7.49808    6     1     1
   2    0    0   2.248390   -25.335685    -0.748316      25.3467   40.17183    3.74870    6     2     1
   1    2    0   2.011021    -0.312393    15.885626      15.8887   45.04392    4.55844   12     1     1
   2    1    0   2.011021   -74.381429    -2.345612      74.4184   45.04392  100.00000   12     1     1
   1    2    0   2.011021    -0.313481    16.029296      16.0324   45.15902    2.30729   12     2     1
   2    1    0   2.011021   -74.575118    -2.355538      74.6123   45.15902   49.97215   12     2     1
   2    1   -1   1.835803    43.203125    -3.501218      43.3448   49.61823   27.24403   12     1     1
   2    1    1   1.835803   -42.943111    -6.347407      43.4097   49.61823   27.32570   12     1     1
   2    1   -1   1.835803    43.318584    -3.527298       43.462   49.74656   13.61552   12     2     1
   2    1    1   1.835803   -43.057555    -6.385541      43.5285   49.74656   13.65723   12     2     1
   2    2    0   1.589852     4.951623     0.171811       4.9546   57.96053    0.25004   12     1     1
   2    2    0   1.589852     4.969444     0.172531      4.97244   58.11430    0.12517   12     2     1
   2    2    1   1.498927    14.539954    -4.104109      15.1081   61.84774    2.01066   12     1     1
   2    2   -1   1.498927   -14.255983    -5.153813       15.159   61.84774    2.02423   12     1     1
   2    2    1   1.498927    14.589896    -4.138755      15.1656   62.01407    1.00700   12     2     1
   2    2   -1   1.498927   -14.304823    -5.192877      15.2182   62.01407    1.01400   12     2     1
   1    3    0   1.422007     0.514389   -16.887761      16.8956   65.59844    2.21154   12     1     1
   3    1    0   1.422007    -0.027188     1.987917       1.9881   65.59844    0.03062   12     1     1
   1    3    0   1.422007     0.516312   -17.057797      17.0656   65.77738    1.12157   12     2     1
   3    1    0   1.422007    -0.027209     2.037634      2.03782   65.77738    0.01599   12     2     1
   3    1   -1   1.355830   -24.420513     1.885773      24.4932   69.24074    4.14969   12     1     1
   3    1    1   1.355830   -24.278238    -3.812849      24.5758   69.24074    4.17772   12     1     1
   3    1   -1   1.355830   -24.498309     1.933406      24.5745   69.43245    2.07688   12     2     1
   3    1    1   1.355830   -24.355614    -3.868644      24.6609   69.43245    2.09152   12     2     1
   2    2    2   1.298109    -0.577855   -13.969495      13.9814   72.79718    0.40809    4     1     1
   2    2   -2   1.298109    -1.463034    13.888162       13.965   72.79718    0.40713    4     1     1
   2    2    2   1.298109    -0.580851   -14.166442      14.1783   73.00192    0.20871    4     2     1
   2    2   -2   1.298109    -1.469139    14.084770      14.1612   73.00192    0.20821    4     2     1
   2    3    0   1.247182   -25.407593    -1.075375      25.4303   76.28645    3.71631   12     1     1
   3    2    0   1.247182     0.540241   -15.231410       15.241   76.28645    1.33486   12     1     1
   2    3    0   1.247182   -25.485053    -1.079948      25.5079   76.50456    1.86021   12     2     1
   3    2    0   1.247182     0.542229   -15.426569      15.4361   76.50456    0.68122   12     2     1
   3    2   -1   1.201815   -14.842466    -5.467566      15.8175   79.72454    1.33632   12     1     1
   2    3    1   1.201815    42.650314     0.906276      42.6599   79.72454    9.72019   12     1     1
   3    2    1   1.201815   -15.228682     4.156827      15.7858   79.72454    1.33097   12     1     1
   2    3   -1   1.201815   -42.580085    -2.779354      42.6707   79.72454    9.72509   12     1     1
   3    2   -1   1.201815   -14.887684    -5.513952       15.876   79.95647    0.67008   12     2     1
   2    3    1   1.201815    42.806256     0.901301      42.8157   79.95647    4.87364   12     2     1
   3    2    1   1.201815   -15.275424     4.197634      15.8417   79.95647    0.66719   12     2     1
   2    3   -1   1.201815   -42.735768    -2.799911      42.8274   79.95647    4.87630   12     2     1
   4    0    0   1.124195   -49.433340    -2.267243      49.4853   86.50240    5.86622    6     1     1
   4    0    0   1.124195   -49.613017    -2.276852      49.6652   86.76376    2.94498    6     2     1
   3    2    2   1.090629     4.753256     4.920913       6.8417   89.86710    0.21636   12     1     1
   1    4    0   1.090629     0.249250    -5.517071       5.5227   89.86710    0.14098   12     1     1
   4    1    0   1.090629    19.624891     0.921357      19.6465   89.86710    1.78411   12     1     1
   3    2   -2   1.090629    -5.179158     4.453532      6.83064   89.86710    0.21566   12     1     1
   3    2    2   1.090629     4.772150     4.971946      6.89156   90.14431    0.10950   12     2     1
   1    4    0   1.090629     0.250217    -5.581768      5.58737   90.14431    0.07198   12     2     1
   4    1    0   1.090629    19.711595     0.925234      19.7333   90.14431    0.89778   12     2     1
   3    2   -2   1.090629    -5.199726     4.502589      6.87826   90.14431    0.10908   12     2     1
   4    1   -1   1.059901   -11.358760    -4.143505      12.0909   93.23133    0.65982   12     1     1
   4    1    1   1.059901    11.686099    -3.031020      12.0728   93.23133    0.65784   12     1     1
   3    3    0   1.059901     0.089660    -2.031799      2.03378   93.23133    0.01867   12     1     1
   4    1   -1   1.059901   -11.409653    -4.227848      12.1678   93.52537    0.33361   12     2     1
   4    1    1   1.059901    11.738105    -3.110677      12.1433   93.52537    0.33227   12     2     1
   3    3    0   1.059901     0.089920    -2.099356      2.10128   93.52537    0.00995   12     2     1
   3    3   -1   1.031632    25.166223     0.869108      25.1812   96.60677    2.82784   12     1     1
   3    3    1   1.031632    25.126398     1.625770      25.1789   96.60677    2.82732   12     1     1
   3    3   -1   1.031632    25.271516     0.894905      25.2874   96.91877    1.42513   12     2     1
   3    3    1   1.031632    25.231434     1.610522      25.2828   96.91877    1.42461   12     2     1
   4    2    0   1.005511     9.876597     0.502705      9.88938  100.00544    0.43598   12     1     1
   2    4    0   1.005511     9.876597     0.502705      9.88938  100.00544    0.43598   12     1     1
   4    2    0   1.005511     9.922401     0.504824      9.93523  100.33678    0.22014   12     2     1
   2    4    0   1.005511     9.922401     0.504824      9.93523  100.33678    0.22014   12     2     1
   2    4   -1   0.981278     4.224798    -2.632204      4.97769  103.44010    0.11167   12     1     1
   2    4    1   0.981278    -3.908958    -3.057521       4.9627  103.44010    0.11100   12     1     1
   4    2    1   0.981278    30.496552     3.158962      30.6597  103.44010    4.23652   12     1     1
   4    2   -1   0.981278   -30.662052    -0.029884      30.6621  103.44010    4.23717   12     1     1
   2    4   -1   0.981278     4.247435    -2.725418      5.04664  103.79245    0.05749   12     2     1
   2    4    1   0.981278    -3.930580    -3.152517      5.03863  103.79245    0.05731   12     2     1
   4    2    1   0.981278    30.623311     3.182298      30.7882  103.79245    2.13977   12     2     1
   4    2   -1   0.981278   -30.789473    -0.020061      30.7895  103.79245    2.13994   12     2     1
   3    3    2   0.958717    15.701923     1.858079      15.8115  106.92477    1.15177   12     1     1
   3    3   -2   0.958717   -15.815621     0.176703      15.8166  106.92477    1.15252   12     1     1
   3    3    2   0.958717    15.764007     1.878990      15.8756  107.30014    0.58230   12     2     1
   3    3   -2   0.958717   -15.878136     0.190470      15.8793  107.30014    0.58257   12     2     1
   4    2   -2   0.917901    -1.696282    -5.923306      6.16141  114.11001    0.18879   12     1     1
   4    2    2   0.917901    -2.388008     5.693086      6.17364  114.11001    0.18954   12     1     1
   4    2   -2   0.917901    -1.706626    -6.012397      6.24992  114.53951    0.09769   12     2     1
   4    2    2   0.917901    -2.401041     5.781211      6.25998  114.53951    0.09801   12     2     1
   3    4    0   0.899356    -0.373827     6.116475      6.12789  117.85121    0.19721   12     1     1
   4    3    0   0.899356     7.155549     0.410234       7.1673  117.85121    0.26979   12     1     1
   3    4    0   0.899356    -0.375296     6.204328      6.21567  118.31328    0.10220   12     2     1
   4    3    0   0.899356     7.190187     0.411969      7.20198  118.31328    0.13721   12     2     1
   3    4    1   0.881891     3.954750     4.502188      5.99247  121.72644    0.20143   12     1     1
   4    3   -1   0.881891    12.342365     1.053382      12.3872  121.72644    0.86071   12     1     1
   4    3    1   0.881891   -12.349243    -0.402153      12.3558  121.72644    0.85635   12     1     1
   3    4   -1   0.881891     4.536258    -4.004800      6.05112  121.72644    0.20539   12     1     1
   1    5    0   0.881891    -0.108975     2.038799      2.04171  121.72644    0.02338   12     1     1
   5    1    0   0.881891     0.266369    -3.867541       3.8767  121.72644    0.08430   12     1     1
   3    4    1   0.881891     3.974250     4.614632      6.09011  122.22625    0.10498   12     2     1
   4    3   -1   0.881891    12.412047     1.023887      12.4542  122.22625    0.43902   12     2     1
   4    3    1   0.881891   -12.419084    -0.437769      12.4268  122.22625    0.43709   12     2     1
   3    4   -1   0.881891     4.557871    -4.115140      6.14073  122.22625    0.10673   12     2     1
   1    5    0   0.881891    -0.109480     2.025850      2.02881  122.22625    0.01165   12     2     1
   5    1    0   0.881891     0.267330    -3.973186      3.98217  122.22625    0.04488   12     2     1
   3    3    3   0.865406   -27.022618    -0.944973      27.0391  125.77129    1.47808    4     1     1
   3    3   -3   0.865406   -26.953559    -2.295820      27.0512  125.77129    1.47940    4     1     1
   5    1   -1   0.865406    -2.261624    -5.125075       5.6019  125.77129    0.19033   12     1     1
   5    1    1   0.865406    -2.944825     4.820272      5.64863  125.77129    0.19352   12     1     1
   3    3    3   0.865406   -27.165348    -0.959943      27.1823  126.31582    0.75531    4     2     1
   5    1    1   0.865406    -2.952288     4.929455      5.74591  126.31582    0.10125   12     2     1
   5    1   -1   0.865406    -2.266519    -5.235573      5.70511  126.31582    0.09982   12     2     1
   3    3   -3   0.865406   -27.095953    -2.294529      27.1929  126.31582    0.75590    4     2     1
