   h    k    l      d (Å)      F(real)      F(imag)          |F|         2θ          I    M ID(λ) Phase
   1    1    1   3.106722    44.318174   -41.674567      60.8348   28.71189  100.00000    8     1     1
   1    1    1   3.106722    44.326432   -41.671214      60.8385   28.78293   49.74327    8     2     1
   2    2    0   1.902471    71.449500     2.643607      71.4984   47.76880   67.55025   12     1     1
   2    2    0   1.902471    71.454406     2.655218      71.5037   47.89172   33.58367   12     2     1
   3    1    1   1.622433    32.217508    34.861115      47.4686   56.68989   40.34041   24     1     1
   3    1    1   1.622433    32.214156    34.869374      47.4724   56.83965   20.05325   24     2     1
   2    2    2   1.553361     0.000000     0.000000  1.18794e-14   59.45694    0.00000    8     1     1
   2    2    2   1.553361     0.000000     0.000000  1.18794e-14   59.61548    0.00000    8     2     1
   4    0    0   1.345250    61.820643     2.643607      61.8771   69.86412   10.86866    6     1     1
   4    0    0   1.345250    61.825548     2.655218      61.8825   70.05807    5.40490    6     2     1
   3    3    1   1.234486    30.926634   -28.283027      41.9093   77.21494   16.52405   24     1     1
   3    3    1   1.234486    30.934893   -28.279675      41.9131   77.43672    8.22339   24     2     1
   4    2    2   1.098392    55.328188     2.643607      55.3913   89.06193   23.88685   24     1     1
   4    2    2   1.098392    55.333094     2.655218      55.3968   89.33527   11.91453   24     2     1
   3    3    3   1.035574    25.280973    27.924580      37.6684   96.11831    3.52976    8     1     1
   5    1    1   1.035574    27.924580   -25.280973      37.6684   96.11831   10.58927   24     1     1
   3    3    3   1.035574    25.277620    27.932838      37.6723   96.42764    1.76406    8     2     1
   5    1    1   1.035574    27.932838   -25.277620      37.6723   96.42764    5.29219   24     2     1
   4    4    0   0.951235    49.946894     2.643607      50.0168  108.14992    9.73237   12     1     1
   4    4    0   0.951235    49.951799     2.655218      50.0223  108.53384    4.88405   12     2     1
   5    3    1   0.909555    22.748849    25.392456      34.0923  115.75081   19.77113   48     1     1
   5    3    1   0.909555    22.745496    25.400714      34.0962  116.19417    9.95195   48     2     1
   4    4    2   0.896833    -0.000000     0.000000   3.6133e-14  118.38817    0.00000   24     1     1
   4    4    2   0.896833    -0.000000     0.000000  3.69746e-14  118.85521    0.00000   24     2     1
