   h    k    l      d (Å)      F(real)      F(imag)          |F|         2θ          I    M ID(λ) Phase
   0    0   -1  25.183001    -0.000000    -0.000000  1.72139e-14    3.50567    0.00000    1     1     1
   0    0    1  25.183001    -0.000000    -0.000000  1.27285e-14    3.50567    0.00000    1     1     1
   0    0   -1  25.183001    -0.000000    -0.000000  1.12172e-14    3.51416    0.00000    1     2     1
   0    0    1  25.183001    -0.000000     0.000000  7.31084e-15    3.51416    0.00000    1     2     1
   0    0    2  12.591500    -0.000000    -0.000000  2.39728e-15    7.01462    0.00000    1     1     1
   0    0   -2  12.591500    -0.000000     0.000000   3.0652e-15    7.01462    0.00000    1     1     1
   0    0    2  12.591500    -0.000000    -0.000000  4.75747e-15    7.03163    0.00000    1     2     1
   0    0   -2  12.591500    -0.000000     0.000000  3.55315e-15    7.03163    0.00000    1     2     1
   0    0   -3   8.394334    -0.000000     0.000000  8.02159e-14   10.53018    0.00000    1     1     1
   0    0    3   8.394334    -0.000000    -0.000000  8.89235e-14   10.53018    0.00000    1     1     1
   0    0   -3   8.394334    -0.000000     0.000000  7.75763e-14   10.55575    0.00000    1     2     1
   0    0    3   8.394334    -0.000000    -0.000000  7.62726e-14   10.55575    0.00000    1     2     1
   0    0   -4   6.295750     0.000000    -0.000000  1.24508e-14   14.05570    0.00000    1     1     1
   0    0    4   6.295750     0.000000     0.000000  1.67467e-14   14.05570    0.00000    1     1     1
   0    0   -4   6.295750    -0.000000    -0.000000  1.28254e-14   14.08992    0.00000    1     2     1
   0    0    4   6.295750    -0.000000     0.000000  1.28254e-14   14.08992    0.00000    1     2     1
   0    0   -5   5.036600    -0.000000    -0.000000  5.73057e-15   17.59466    0.00000    1     1     1
   0    0    5   5.036600    -0.000000     0.000000   2.5517e-15   17.59466    0.00000    1     1     1
   0    0   -5   5.036600    -0.000000    -0.000000   5.0637e-15   17.63761    0.00000    1     2     1
   0    0    5   5.036600     0.000000     0.000000  5.25013e-15   17.63761    0.00000    1     2     1
   0    0   -6   4.197167    -0.000000    -0.000000  2.96208e-14   21.15061    0.00000    1     1     1
   0    0    6   4.197167    -0.000000     0.000000  3.40356e-14   21.15061    0.00000    1     1     1
   0    0   -6   4.197167    -0.000000    -0.000000  2.40225e-14   21.20243    0.00000    1     2     1
   0    0    6   4.197167    -0.000000     0.000000  3.14258e-14   21.20243    0.00000    1     2     1
   0    0   -7   3.597572     0.000000     0.000000  7.89475e-14   24.72730    0.00000    1     1     1
   0    0    7   3.597572     0.000000    -0.000000  8.21164e-14   24.72730    0.00000    1     1     1
   0    0   -7   3.597572     0.000000     0.000000   7.7907e-14   24.78814    0.00000    1     2     1
   0    0    7   3.597572     0.000000    -0.000000  8.06961e-14   24.78814    0.00000    1     2     1
   0    0   -8   3.147875    -0.000000    -0.000000  1.55416e-14   28.32864    0.00000    1     1     1
   0    0    8   3.147875    -0.000000     0.000000  1.74656e-14   28.32864    0.00000    1     1     1
   0    0   -8   3.147875    -0.000000    -0.000000  1.42715e-14   28.39869    0.00000    1     2     1
   0    0    8   3.147875    -0.000000     0.000000  1.74656e-14   28.39869    0.00000    1     2     1
   0    0   -9   2.798111     0.000000    -0.000000  1.11496e-13   31.95878    0.00000    1     1     1
   0    0    9   2.798111     0.000000     0.000000  1.16246e-13   31.95878    0.00000    1     1     1
   0    0   -9   2.798111     0.000000    -0.000000  1.14599e-13   32.03826    0.00000    1     2     1
   0    0    9   2.798111     0.000000     0.000000  1.15518e-13   32.03826    0.00000    1     2     1
   1    0    0   2.666492    -6.663770   -12.221001      13.9197   33.58184    3.20277    3     1     1
   0    1    0   2.666492    -7.251812    11.881495      13.9197   33.58184    3.20277    3     1     1
   0    1    0   2.666492    -7.253453    11.881344      13.9204   33.66559    1.59290    3     2     1
   1    0    0   2.666492    -6.662820   -12.222346      13.9204   33.66559    1.59290    3     2     1
   1    0   -1   2.651669     9.622641    18.106310      20.5045   33.77518    6.86344    3     1     1
   1    0    1   2.651669     4.866395    20.037605      20.6201   33.77518    6.94105    3     1     1
   0    1   -1   2.651669     5.819811   -19.661218      20.5045   33.77518    6.86344    3     1     1
   0    1    1   2.651669    10.566636   -17.706881      20.6201   33.77518    6.94105    3     1     1
   1    0   -1   2.651669     9.621002    18.108128      20.5053   33.85944    3.41345    3     2     1
   1    0    1   2.651669     4.864635    20.039406      20.6214   33.85944    3.45221    3     2     1
   0    1   -1   2.651669     5.822254   -19.661367      20.5053   33.85944    3.41345    3     2     1
   0    1    1   2.651669    10.569153   -17.706933      20.6214   33.85944    3.45221    3     2     1
   1    0    2   2.608640   -18.880566    24.682087      31.0754   34.34945   15.19635    3     1     1
   1    0   -2   2.608640    -5.357397    30.250237       30.721   34.34945   14.85168    3     1     1
   0    1   -2   2.608640   -17.371562   -25.337864       30.721   34.34945   14.85168    3     1     1
   0    1    2   2.608640    -3.821228   -30.839576      31.0754   34.34945   15.19635    3     1     1
   1    0    2   2.608640   -18.884634    24.682070      31.0779   34.43523    7.55817    3     2     1
   1    0   -2   2.608640    -5.361251    30.250499      30.7219   34.43523    7.38603    3     2     1
   0    1   -2   2.608640   -17.368996   -25.340752      30.7219   34.43523    7.38603    3     2     1
   0    1    2   2.608640    -3.818313   -30.842414      31.0779   34.43523    7.55817    3     2     1
   1    0    3   2.541357    43.484256     9.696210      44.5522   35.28832   29.44941    3     1     1
   1    0   -3   2.541357    39.728820   -18.382706      43.7756   35.28832   28.43170    3     1     1
   0    1   -3   2.541357    43.199247    -7.080116      43.7756   35.28832   28.43170    3     1     1
   0    1    3   2.541357    39.303323    20.979653      44.5522   35.28832   29.44941    3     1     1
   1    0    3   2.541357    43.487358     9.701924      44.5565   35.37660   14.64726    3     2     1
   1    0   -3   2.541357    39.732189   -18.377635      43.7765   35.37660   14.13897    3     2     1
   0    1   -3   2.541357    43.201137    -7.074328      43.7765   35.37660   14.13897    3     2     1
   0    1    3   2.541357    39.304783    20.985989      44.5565   35.37660   14.64726    3     2     1
   0    0  -10   2.518300    99.401302    39.238120      106.866   35.62217   55.32783    1     1     1
   0    0   10   2.518300    99.582403   -32.629102      104.792   35.62217   53.20131    1     1     1
   0    0  -10   2.518300    99.406985    39.253401      106.876   35.71135   27.51846    1     2     1
   0    0   10   2.518300    99.588984   -32.615356      104.794   35.71135   26.45639    1     2     1
   1    0    4   2.455345    20.035478    11.825406       23.265   36.56739    7.42757    3     1     1
   1    0   -4   2.455345    22.294401    -4.436097      22.7315   36.56739    7.09079    3     1     1
   0    1   -4   2.455345    20.294051   -10.240644      22.7315   36.56739    7.09079    3     1     1
   0    1    4   2.455345    22.469368     6.032255       23.265   36.56739    7.42757    3     1     1
   1    0    4   2.455345    20.036305    11.829253      23.2677   36.65910    3.69424    3     2     1
   1    0   -4   2.455345    22.295484    -4.432577      22.7318   36.65910    3.52605    3     2     1
   0    1   -4   2.455345    20.296037   -10.237542      22.7318   36.65910    3.52605    3     2     1
   0    1    4   2.455345    22.471195     6.035740      23.2677   36.65910    3.69424    3     2     1
   1    0   -5   2.356603   -23.598605   -41.095662      47.3893   38.15749   28.05829    3     1     1
   1    0    5   2.356603     5.659986   -48.252901      48.5837   38.15749   29.49048    3     1     1
   0    1   -5   2.356603     1.711904    47.358389      47.3893   38.15749   28.05829    3     1     1
   0    1    5   2.356603   -27.508270    40.045887      48.5837   38.15749   29.49048    3     1     1
   1    0   -5   2.356603   -23.591215   -41.101290      47.3905   38.25349   13.95214    3     2     1
   1    0    5   2.356603     5.668130   -48.258308        48.59   38.25349   14.66738    3     2     1
   0    1   -5   2.356603     1.702741    47.359921      47.3905   38.25349   13.95214    3     2     1
   0    1    5   2.356603   -27.517995    40.046872        48.59   38.25349   14.66738    3     2     1
   0    0  -11   2.289364    -0.000000    -0.000000  7.12502e-14   39.32360    0.00000    1     1     1
   0    0   11   2.289364    -0.000000     0.000000  7.02209e-14   39.32360    0.00000    1     1     1
   0    0  -11   2.289364    -0.000000    -0.000000  7.47654e-14   39.42277    0.00000    1     2     1
   0    0   11   2.289364    -0.000000     0.000000  8.07199e-14   39.42277    0.00000    1     2     1
   1    0    6   2.250693    15.103135     5.362920       16.027   40.02786    2.88618    3     1     1
   1    0   -6   2.250693    15.788121     0.438629      15.7942   40.02786    2.80294    3     1     1
   0    1   -6   2.250693    15.329641    -3.802532      15.7942   40.02786    2.80294    3     1     1
   0    1    6   2.250693    15.987462     1.125461       16.027   40.02786    2.88618    3     1     1
   1    0    6   2.250693    15.103939     5.366571       16.029   40.12897    1.43537    3     2     1
   1    0   -6   2.250693    15.789007     0.442174      15.7952   40.12897    1.39380    3     2     1
   0    1   -6   2.250693    15.331444    -3.799354      15.7952   40.12897    1.39380    3     2     1
   0    1    6   2.250693    15.989213     1.128764       16.029   40.12897    1.43537    3     2     1
   1    0    7   2.142216    24.422450    -4.013292        24.75   42.14871    6.13366    3     1     1
   0    1   -7   2.142216    24.067162     6.536926      24.9391   42.14871    6.22775    3     1     1
   0    1    7   2.142216    24.605677     2.668944        24.75   42.14871    6.13366    3     1     1
   1    0   -7   2.142216    24.938714    -0.142276      24.9391   42.14871    6.22775    3     1     1
   1    0    7   2.142216    24.425335    -4.008105       24.752   42.25568    3.04996    3     2     1
   0    1   -7   2.142216    24.068485     6.542783      24.9419   42.25568    3.09695    3     2     1
   0    1    7   2.142216    24.607068     2.674713       24.752   42.25568    3.04996    3     2     1
   1    0   -7   2.142216    24.941556    -0.136987      24.9419   42.25568    3.09695    3     2     1
   0    0  -12   2.098583     0.000000    -0.000000  4.72805e-14   43.06827    0.00000    1     1     1
   0    0   12   2.098583     0.000000     0.000000  5.55805e-14   43.06827    0.00000    1     1     1
   0    0  -12   2.098583     0.000000    -0.000000  5.03803e-14   43.17780    0.00000    1     2     1
   0    0   12   2.098583     0.000000     0.000000   4.7393e-14   43.17780    0.00000    1     2     1
   1    0    8   2.034637    -2.964926    16.614748      16.8772   44.49293    2.52552    3     1     1
   1    0   -8   2.034637   -10.980593    13.309119      17.2542   44.49293    2.63959    3     1     1
   0    1    8   2.034637    -9.525228   -13.932361      16.8772   44.49293    2.52552    3     1     1
   0    1   -8   2.034637    -1.489825   -17.189720      17.2542   44.49293    2.63959    3     1     1
   1    0    8   2.034637    -2.968568    16.614788      16.8779   44.60648    1.25562    3     2     1
   1    0   -8   2.034637   -10.984390    13.308955      17.2565   44.60648    1.31258    3     2     1
   0    1    8   2.034637    -9.522658   -13.934940      16.8779   44.60648    1.25562    3     2     1
   0    1   -8   2.034637    -1.487001   -17.192264      17.2565   44.60648    1.31258    3     2     1
   0    0  -13   1.937154    -0.000000     0.000000  3.75676e-15   46.86188    0.00000    1     1     1
   0    0   13   1.937154    -0.000000    -0.000000  2.59184e-15   46.86188    0.00000    1     1     1
   0    0  -13   1.937154     0.000000     0.000000  3.87784e-15   46.98218    0.00000    1     2     1
   0    0   13   1.937154     0.000000    -0.000000  3.87307e-15   46.98218    0.00000    1     2     1
   0    1    9   1.930348     1.273628   -12.049286      12.1164   47.03702    1.14789    3     1     1
   1    0   -9   1.930348     0.349809    12.400627      12.4056   47.03702    1.20333    3     1     1
   1    0    9   1.930348     7.533317     9.489814      12.1164   47.03702    1.14789    3     1     1
   0    1   -9   1.930348     8.438645    -9.093250      12.4056   47.03702    1.20333    3     1     1
   0    1    9   1.930348     1.275891   -12.049372      12.1167   47.15782    0.57065    3     2     1
   1    0   -9   1.930348     0.348017    12.402241      12.4071   47.15782    0.59833    3     2     1
   1    0    9   1.930348     7.531762     9.491461      12.1167   47.15782    0.57065    3     2     1
   0    1   -9   1.930348     8.441054    -9.093146      12.4071   47.15782    0.59833    3     2     1
   1    0   10   1.830856    -6.489215    -6.423303      9.13065   49.76141    0.57360    3     1     1
   0    1  -10   1.830856    -7.052518     6.077168      9.30967   49.76141    0.59631    3     1     1
   0    1   10   1.830856    -2.318136     8.831476      9.13065   49.76141    0.57360    3     1     1
   1    0  -10   1.830856    -1.736723    -9.146243      9.30967   49.76141    0.59631    3     1     1
   1    0   10   1.830856    -6.488354    -6.424560      9.13092   49.89015    0.28513    3     2     1
   0    1  -10   1.830856    -7.054125     6.076896      9.31071   49.89015    0.29647    3     2     1
   0    1   10   1.830856    -2.319655     8.831359      9.13092   49.89015    0.28513    3     2     1
   1    0  -10   1.830856    -1.735684    -9.147500      9.31071   49.89015    0.29647    3     2     1
   0    0   14   1.798786    -0.000000     0.000000  1.01356e-13   50.71074    0.00000    1     1     1
   0    0  -14   1.798786    -0.000000    -0.000000  9.96083e-14   50.71074    0.00000    1     1     1
   0    0   14   1.798786    -0.000000     0.000000  1.02425e-13   50.84229    0.00000    1     2     1
   0    0  -14   1.798786    -0.000000    -0.000000  1.00666e-13   50.84229    0.00000    1     2     1
   1    0   11   1.736991     8.410959    12.606566      15.1549   52.65047    1.38960    3     1     1
   0    1  -11   1.736991     9.339328   -12.200581      15.3648   52.65047    1.42836    3     1     1
   0    1   11   1.736991     2.831095   -14.888070      15.1549   52.65047    1.38960    3     1     1
   1    0  -11   1.736991     1.884235    15.248832      15.3648   52.65047    1.42836    3     1     1
   1    0   11   1.736991     8.409386    12.608334      15.1555   52.78782    0.69074    3     2     1
   0    1  -11   1.736991     9.341835   -12.200550      15.3663   52.78782    0.71009    3     2     1
   0    1   11   1.736991     2.833456   -14.888230      15.1555   52.78782    0.69074    3     2     1
   1    0  -11   1.736991     1.882425    15.250567      15.3663   52.78782    0.71009    3     2     1
   0    0   15   1.678867    -0.000000     0.000000  5.52717e-14   54.62189    0.00000    1     1     1
   0    0  -15   1.678867    -0.000000    -0.000000  5.40374e-14   54.62189    0.00000    1     1     1
   0    0   15   1.678867    -0.000000     0.000000  5.77028e-14   54.76525    0.00000    1     2     1
   0    0  -15   1.678867     0.000000    -0.000000  5.35683e-14   54.76525    0.00000    1     2     1
   1    0   12   1.649108    -7.145225    24.757750      25.7682   55.69229    3.53558    3     1     1
   0    1  -12   1.649108    -5.603686   -25.359887      25.9716   55.69229    3.59162    3     1     1
   1    0  -12   1.649108   -13.769506    22.021032      25.9716   55.69229    3.59162    3     1     1
   0    1   12   1.649108   -12.247704   -22.671439      25.7682   55.69229    3.53558    3     1     1
   1    0   12   1.649108    -7.149146    24.758003      25.7695   55.83895    1.75745    3     2     1
   0    1  -12   1.649108    -5.600812   -25.362779      25.9738   55.83895    1.78542    3     2     1
   1    0  -12   1.649108   -13.773583    22.021083      25.9738   55.83895    1.78542    3     2     1
   0    1   12   1.649108   -12.245084   -22.674368      25.7695   55.83895    1.75745    3     2     1
   0    0  -16   1.573938     0.000000    -0.000000  1.55431e-14   58.60326    0.00000    1     1     1
   0    0   16   1.573938     0.000000     0.000000  1.63048e-14   58.60326    0.00000    1     1     1
   0    0  -16   1.573938     0.000000    -0.000000  1.56946e-14   58.75907    0.00000    1     2     1
   0    0   16   1.573938     0.000000     0.000000  1.60917e-14   58.75907    0.00000    1     2     1
   1    0  -13   1.567237    42.055732    -2.887249      42.1547   58.87840    8.34380    3     1     1
   1    0   13   1.567237    41.668881    -5.808750      42.0718   58.87840    8.31101    3     1     1
   0    1  -13   1.567237    41.294445     8.472872      42.1547   58.87840    8.34380    3     1     1
   0    1   13   1.567237    41.703547     5.554404      42.0718   58.87840    8.31101    3     1     1
   1    0  -13   1.567237    42.059217    -2.881693      42.1578   59.03509    4.14766    3     2     1
   1    0   13   1.567237    41.672409    -5.803296      42.0746   59.03509    4.13129    3     2     1
   0    1  -13   1.567237    41.296317     8.479158      42.1578   59.03509    4.14766    3     2     1
   0    1   13   1.567237    41.705486     5.560603      42.0746   59.03509    4.13129    3     2     1
   1    1    0   1.539500   105.437501     3.395060      105.492   60.04697  100.00000    6     1     1
   1    1   -1   1.536631     0.000000    -0.000000  3.90023e-14   60.17064    0.00000    6     1     1
   1    1    1   1.536631     0.000000     0.000000  4.70847e-14   60.17064    0.00000    6     1     1
   1    1    0   1.539500   105.444401     3.410022        105.5   60.20742   49.70957    6     2     1
   1    1   -1   1.536631     0.000000    -0.000000  4.01054e-14   60.33148    0.00000    6     2     1
   1    1    1   1.536631     0.000000     0.000000  4.86075e-14   60.33148    0.00000    6     2     1
   1    1   -2   1.528121    -0.000000     0.000000  7.58928e-14   60.54072    0.00000    6     1     1
   1    1    2   1.528121    -0.000000    -0.000000  8.00493e-14   60.54072    0.00000    6     1     1
   1    1   -2   1.528121    -0.000000     0.000000  7.72767e-14   60.70277    0.00000    6     2     1
   1    1    2   1.528121    -0.000000    -0.000000  7.77742e-14   60.70277    0.00000    6     2     1
   1    1   -3   1.514245     0.000000    -0.000000  2.51535e-13   61.15455    0.00000    6     1     1
   1    1    3   1.514245     0.000000     0.000000  2.66169e-13   61.15455    0.00000    6     1     1
   1    1   -3   1.514245     0.000000    -0.000000  2.43954e-13   61.31860    0.00000    6     2     1
   1    1    3   1.514245     0.000000     0.000000  2.39266e-13   61.31860    0.00000    6     2     1
   1    1    4   1.495439     0.000000     0.000000  1.47381e-13   62.00789    0.00000    6     1     1
   1    1   -4   1.495439     0.000000    -0.000000  1.49975e-13   62.00789    0.00000    6     1     1
   1    1    4   1.495439     0.000000     0.000000  1.36462e-13   62.17475    0.00000    6     2     1
   1    1   -4   1.495439     0.000000    -0.000000  1.51918e-13   62.17475    0.00000    6     2     1
   1    0  -14   1.491205    25.020637     2.511781      25.1464   62.20351    2.62674    3     1     1
   1    0   14   1.491205    24.542315     5.919766      25.2462   62.20351    2.64762    3     1     1
   0    1  -14   1.491205    24.780216    -4.275772      25.1464   62.20351    2.62674    3     1     1
   0    1   14   1.491205    25.231373    -0.864085      25.2462   62.20351    2.64762    3     1     1
   1    0  -14   1.491205    25.021850     2.515581       25.148   62.37101    1.30576    3     2     1
   1    0   14   1.491205    24.543444     5.923672      25.2482   62.37101    1.31619    3     2     1
   0    1  -14   1.491205    24.782401    -4.272435       25.148   62.37101    1.30576    3     2     1
   0    1   14   1.491205    25.233507    -0.860623      25.2482   62.37101    1.31619    3     2     1
   0    0   17   1.481353     0.000000    -0.000000  2.46881e-13   62.66386    0.00000    1     1     1
   0    0  -17   1.481353     0.000000     0.000000  2.49412e-13   62.66386    0.00000    1     1     1
   0    0   17   1.481353     0.000000    -0.000000  2.44464e-13   62.83289    0.00000    1     2     1
   0    0  -17   1.481353     0.000000     0.000000  2.47835e-13   62.83289    0.00000    1     2     1
   1    1   -5   1.472259    -0.000000     0.000000   6.7846e-14   63.09525    0.00000    6     1     1
   1    1    5   1.472259    -0.000000    -0.000000  8.26385e-14   63.09525    0.00000    6     1     1
   1    1   -5   1.472259    -0.000000     0.000000  6.78418e-14   63.26571    0.00000    6     2     1
   1    1    5   1.472259    -0.000000    -0.000000  8.63386e-14   63.26571    0.00000    6     2     1
   1    1    6   1.445340     0.000000     0.000000  1.19278e-13   64.41021    0.00000    6     1     1
   1    1   -6   1.445340     0.000000    -0.000000  1.17627e-13   64.41021    0.00000    6     1     1
   1    1    6   1.445340     0.000000     0.000000  1.25172e-13   64.58510    0.00000    6     2     1
   1    1   -6   1.445340     0.000000    -0.000000  1.19976e-13   64.58510    0.00000    6     2     1
   1    0  -15   1.420721   -21.506975   -55.614674      59.6284   65.66530   13.12673    3     1     1
   1    0   15   1.420721    -2.805566   -60.159688      60.2251   65.66530   13.39077    3     1     1
   0    1  -15   1.420721    -6.908910    59.226758      59.6284   65.66530   13.12673    3     1     1
   0    1   15   1.420721   -25.571901    54.526481      60.2251   65.66530   13.39077    3     1     1
   1    0  -15   1.420721   -21.499362   -55.621056      59.6316   65.84446    6.52591    3     2     1
   1    0   15   1.420721    -2.797200   -60.165848      60.2308   65.84446    6.65773    3     2     1
   0    1  -15   1.420721    -6.918621    59.228854      59.6316   65.84446    6.52591    3     2     1
   0    1   15   1.420721   -25.582175    54.528029      60.2308   65.84446    6.65773    3     2     1
   1    1   -7   1.415354     0.000000     0.000000  2.31031e-13   65.94592    0.00000    6     1     1
   1    1    7   1.415354     0.000000    -0.000000  2.15826e-13   65.94592    0.00000    6     1     1
   1    1   -7   1.415354     0.000000     0.000000  2.19739e-13   66.12605    0.00000    6     2     1
   1    1    7   1.415354     0.000000    -0.000000  2.06667e-13   66.12605    0.00000    6     2     1
   0    0  -18   1.399056     0.000000    -0.000000  1.12394e-13   66.81406    0.00000    1     1     1
   0    0   18   1.399056     0.000000     0.000000  1.13257e-13   66.81406    0.00000    1     1     1
   0    0  -18   1.399056     0.000000    -0.000000  1.11281e-13   66.99720    0.00000    1     2     1
   0    0   18   1.399056     0.000000     0.000000   1.1497e-13   66.99720    0.00000    1     2     1
   1    1   -8   1.382969    -0.000000    -0.000000  5.99534e-14   67.69542    0.00000    6     1     1
   1    1    8   1.382969    -0.000000    -0.000000  5.86689e-14   67.69542    0.00000    6     1     1
   1    1   -8   1.382969    -0.000000     0.000000  6.64633e-14   67.88164    0.00000    6     2     1
   1    1    8   1.382969    -0.000000    -0.000000  6.26526e-14   67.88164    0.00000    6     2     1
   0    1  -16   1.355427    19.865209    -6.807386      20.9992   69.26430    1.45573    3     1     1
   1    0  -16   1.355427    20.962405    -1.242831      20.9992   69.26430    1.45573    3     1     1
   0    1   16   1.355427    21.141074     2.866154      21.3345   69.26430    1.50258    3     1     1
   1    0   16   1.355427    19.602934     8.419314      21.3345   69.26430    1.50258    3     1     1
   0    1  -16   1.355427    19.867319    -6.804232      21.0002   69.45609    0.72383    3     2     1
   1    0  -16   1.355427    20.963594    -1.239227      21.0002   69.45609    0.72383    3     2     1
   0    1   16   1.355427    21.143025     2.869690      21.3369   69.45609    0.74723    3     2     1
   1    0   16   1.355427    19.603867     8.423244      21.3369   69.45609    0.74723    3     2     1
   1    1   -9   1.348825     0.000000     0.000000  1.18804e-13   69.65214    0.00000    6     1     1
   1    1    9   1.348825     0.000000     0.000000  1.08362e-13   69.65214    0.00000    6     1     1
   1    1    9   1.348825     0.000000     0.000000  1.07536e-13   69.84533    0.00000    6     2     1
   1    1   -9   1.348825     0.000000     0.000000  1.17831e-13   69.84533    0.00000    6     2     1
   2    0    0   1.333246    -5.174258     8.283066      9.76638   70.58631    0.30306    3     1     1
   0    2    0   1.333246    -4.586217    -8.622572      9.76638   70.58631    0.30306    3     1     1
   2    0   -1   1.331382     4.623019   -13.699792      14.4588   70.69995    0.66212    3     1     1
   2    0    1   1.331382     7.243829   -12.614744      14.5466   70.69995    0.67019    3     1     1
   0    2    1   1.331382     3.669603    14.076180      14.5466   70.69995    0.67019    3     1     1
   0    2   -1   1.331382     6.299834    13.014173      14.4588   70.69995    0.66212    3     1     1
   2    0    0   1.333246    -5.175899     8.282916      9.76712   70.78288    0.15072    3     2     1
   0    2    0   1.333246    -4.585266    -8.623918      9.76712   70.78288    0.15072    3     2     1
   2    0   -1   1.331382     4.625462   -13.699942      14.4597   70.89693    0.32927    3     2     1
   2    0    1   1.331382     7.246346   -12.614796      14.5479   70.89693    0.33330    3     2     1
   0    2    1   1.331382     3.667843    14.077981      14.5479   70.89693    0.33330    3     2     1
   0    2   -1   1.331382     6.298195    13.015992      14.4597   70.89693    0.32927    3     2     1
   2    0   -2   1.325834   -11.252536   -18.925080      22.0177   71.04039    1.52077    3     1     1
   2    0    2   1.325834    -3.694324   -21.976722      22.2851   71.04039    1.55793    3     1     1
   0    2    2   1.325834   -12.761540    18.269303      22.2851   71.04039    1.55793    3     1     1
   0    2   -2   1.325834    -5.230494    21.387383      22.0177   71.04039    1.52077    3     1     1
   0    0  -19   1.325421     0.000000    -0.000000   1.2711e-13   71.06591    0.00000    1     1     1
   0    0   19   1.325421     0.000000     0.000000  1.25121e-13   71.06591    0.00000    1     1     1
   2    0   -2   1.325834   -11.249970   -18.927967      22.0189   71.23862    0.75628    3     2     1
   2    0    2   1.325834    -3.691410   -21.979560      22.2874   71.23862    0.77484    3     2     1
   0    2    2   1.325834   -12.765608    18.269286      22.2874   71.23862    0.77484    3     2     1
   0    2   -2   1.325834    -5.234348    21.387645      22.0189   71.23862    0.75628    3     2     1
   0    0  -19   1.325421     0.000000    -0.000000  1.31627e-13   71.26423    0.00000    1     2     1
   0    0   19   1.325421     0.000000     0.000000   1.2772e-13   71.26423    0.00000    1     2     1
   2    0   -3   1.316741    32.230170    -2.359623      32.3164   71.60627    3.22528    3     1     1
   2    0    3   1.316741    29.997619    13.495831      32.8937   71.60627    3.34153    3     1     1
   0    2   -3   1.316741    30.423116   -10.898884      32.3164   71.60627    3.22528    3     1     1
   0    2    3   1.316741    32.515179     4.975717      32.8937   71.60627    3.34153    3     1     1
   2    0   -3   1.316741    32.232059    -2.353835      32.3179   71.80657    1.60398    3     2     1
   2    0    3   1.316741    29.999079    13.502167      32.8976   71.80657    1.66205    3     2     1
   0    2   -3   1.316741    30.426485   -10.893813      32.3179   71.80657    1.60398    3     2     1
   0    2    3   1.316741    32.518281     4.981431      32.8976   71.80657    1.66205    3     2     1
   1    1   10   1.313502    76.481215   -17.106398      78.3709   71.81023   37.72602    6     1     1
   1    1  -10   1.313502    76.300113    23.715416      79.9007   71.81023   39.21321    6     1     1
   1    1   10   1.313502    76.487796   -17.092652      78.3744   72.01129   18.76204    6     2     1
   1    1  -10   1.313502    76.305796    23.730697      79.9107   72.01129   19.50482    6     2     1
   2    0   -4   1.304320    16.445100    -6.203333      17.5762   72.39539    0.93390    3     1     1
   2    0    4   1.304320    17.680355     3.172245      17.9627   72.39539    0.97543    3     1     1
   0    2   -4   1.304320    17.505388    -1.576088      17.5762   72.39539    0.93390    3     1     1
   0    2    4   1.304320    16.186527     7.788095      17.9627   72.39539    0.97543    3     1     1
   2    0   -4   1.304320    16.447086    -6.200230       17.577   72.59863    0.46447    3     2     1
   2    0    4   1.304320    17.682181     3.175730      17.9651   72.59863    0.48521    3     2     1
   0    2   -4   1.304320    17.506471    -1.572567       17.577   72.59863    0.46447    3     2     1
   0    2    4   1.304320    16.187355     7.791942      17.9651   72.59863    0.48521    3     2     1
   1    0  -17   1.294942    27.693601   -10.431006      29.5929   73.00390    2.60526    3     1     1
   0    1   17   1.294942    27.271137    13.005702      30.2136   73.00390    2.71569    3     1     1
   0    1  -17   1.294942    29.475001    -2.639274      29.5929   73.00390    2.60526    3     1     1
   1    0   17   1.294942    29.756977     5.233117      30.2136   73.00390    2.71569    3     1     1
   1    0  -17   1.294942    27.696869   -10.425978      29.5942   73.20941    1.29579    3     2     1
   0    1   17   1.294942    27.272510    13.011970      30.2176   73.20941    1.35096    3     2     1
   0    1  -17   1.294942    29.476803    -2.633554      29.5942   73.20941    1.29579    3     2     1
   1    0   17   1.294942    29.759977     5.238789      30.2176   73.20941    1.35096    3     2     1
   2    0    5   1.288854   -19.792192    34.601241       39.862   73.40497    4.67817    3     1     1
   2    0   -5   1.288854    -2.574902    38.943800      39.0288   73.40497    4.48466    3     1     1
   0    2   -5   1.288854   -15.882528   -35.651016      39.0288   73.40497    4.48466    3     1     1
   0    2    5   1.288854     1.373179   -39.838313       39.862   73.40497    4.67817    3     1     1
   2    0    5   1.288854   -19.801918    34.602226      39.8677   73.61198    2.32736    3     2     1
   2    0   -5   1.288854    -2.584065    38.945333       39.031   73.61198    2.23070    3     2     1
   0    2   -5   1.288854   -15.875137   -35.656645       39.031   73.61198    2.23070    3     2     1
   0    2    5   1.288854     1.381324   -39.843719      39.8677   73.61198    2.32736    3     2     1
   1    1  -11   1.277517     0.000000    -0.000000  6.11512e-14   74.16493    0.00000    6     1     1
   1    1   11   1.277517     0.000000     0.000000  5.85509e-14   74.16493    0.00000    6     1     1
   1    1  -11   1.277517     0.000000    -0.000000  8.03848e-14   74.37484    0.00000    6     2     1
   1    1   11   1.277517     0.000000     0.000000  6.30333e-14   74.37484    0.00000    6     2     1
   2    0   -6   1.270678    13.556208    -2.570910      13.7978   74.63176    0.54347    3     1     1
   2    0    6   1.270678    13.949111     0.413362      13.9552   74.63176    0.55594    3     1     1
   0    2   -6   1.270678    13.749770     1.150729      13.7978   74.63176    0.54347    3     1     1
   0    2    6   1.270678    13.329702     4.131298      13.9552   74.63176    0.55594    3     1     1
   2    0   -6   1.270678    13.558011    -2.567732       13.799   74.84345    0.27038    3     2     1
   2    0    6   1.270678    13.950862     0.416664      13.9571   74.84345    0.27661    3     2     1
   0    2   -6   1.270678    13.750657     1.154273       13.799   74.84345    0.27038    3     2     1
   0    2    6   1.270678    13.330505     4.134949      13.9571   74.84345    0.27661    3     2     1
   0    0   20   1.259150    55.040519     3.213958      55.1343   75.43361    2.83692    1     1     1
   0    0  -20   1.259150    55.040519     3.213958      55.1343   75.43361    2.83692    1     1     1
   0    0   20   1.259150    55.045883     3.228023      55.1405   75.64839    1.41157    1     2     1
   0    0  -20   1.259150    55.045883     3.228023      55.1405   75.64839    1.41157    1     2     1
   2    0   -7   1.250158    21.300743     5.417855       21.979   76.07241    1.33236    3     1     1
   2    0    7   1.250158    21.640680     3.006858      21.8486   76.07241    1.31659    3     1     1
   0    2   -7   1.250158    21.973717    -0.480190       21.979   76.07241    1.33236    3     1     1
   0    2    7   1.250158    21.656031    -2.894221      21.8486   76.07241    1.31659    3     1     1
   2    0   -7   1.250158    21.302066     5.423712      21.9817   76.28968    0.66301    3     2     1
   2    0    7   1.250158    21.642071     3.012627      21.8507   76.28968    0.65513    3     2     1
   0    2   -7   1.250158    21.976559    -0.474901      21.9817   76.28968    0.66301    3     2     1
   0    2    7   1.250158    21.658916    -2.889034      21.8507   76.28968    0.65513    3     2     1
   1    1   12   1.241308    -0.000000     0.000000  1.79589e-14   76.71291    0.00000    6     1     1
   1    1  -12   1.241308    -0.000000    -0.000000   2.7977e-14   76.71291    0.00000    6     1     1
   1    0  -18   1.238884    -2.978507    15.391227      15.6768   76.89049    0.66531    3     1     1
   1    0   18   1.238884   -10.119038    12.432821      16.0303   76.89049    0.69565    3     1     1
   0    1  -18   1.238884    -8.658303   -13.068862      15.6768   76.89049    0.66531    3     1     1
   0    1   18   1.238884    -1.490607   -15.960829      16.0303   76.89049    0.69565    3     1     1
   1    1   12   1.241308    -0.000000     0.000000  2.78756e-14   76.93270    0.00000    6     2     1
   1    1  -12   1.241308    -0.000000    -0.000000  2.30502e-14   76.93270    0.00000    6     2     1
   1    0  -18   1.238884    -2.982157    15.391334      15.6776   77.11098    0.33106    3     2     1
   1    0   18   1.238884   -10.122902    12.432648      16.0326   77.11098    0.34622    3     2     1
   0    1  -18   1.238884    -8.655774   -13.071495      15.6776   77.11098    0.33106    3     2     1
   0    1   18   1.238884    -1.487728   -15.963413      16.0326   77.11098    0.34622    3     2     1
   2    0    8   1.227673    -7.241961   -12.434525      14.3897   77.72367    0.55037    3     1     1
   2    0   -8   1.227673    -2.069567   -14.521252       14.668   77.72367    0.57187    3     1     1
   0    2   -8   1.227673    -8.697325    11.811283       14.668   77.72367    0.57187    3     1     1
   0    2    8   1.227673    -3.544669    13.946280      14.3897   77.72367    0.55037    3     1     1
   2    0    8   1.227673    -7.239390   -12.437104      14.3906   77.94748    0.27390    3     2     1
   2    0   -8   1.227673    -2.066743   -14.523795      14.6701   77.94748    0.28465    3     2     1
   0    2   -8   1.227673    -8.701122    11.811119      14.6701   77.94748    0.28465    3     2     1
   0    2    8   1.227673    -3.548310    13.946319      14.3906   77.94748    0.27390    3     2     1
   1    1  -13   1.205244     0.000000     0.000000  3.18183e-13   79.45258    0.00000    6     1     1
   1    1   13   1.205244     0.000000     0.000000  3.06823e-13   79.45258    0.00000    6     1     1
   2    0    9   1.203600     1.764731    -9.814154      9.97155   79.58273    0.25434    3     1     1
   2    0   -9   1.203600     6.522231    -7.842508      10.2002   79.58273    0.26614    3     1     1
   0    2   -9   1.203600     0.840913    10.165495      10.2002   79.58273    0.26614    3     1     1
   0    2    9   1.203600     5.616903     8.239071      9.97155   79.58273    0.25434    3     1     1
   1    1  -13   1.205244     0.000000     0.000000  3.21201e-13   79.68339    0.00000    6     2     1
   1    1   13   1.205244     0.000000     0.000000  3.21897e-13   79.68339    0.00000    6     2     1
   2    0    9   1.203600     1.766995    -9.814240      9.97204   79.81408    0.12661    3     2     1
   2    0   -9   1.203600     6.524640    -7.842403      10.2017   79.81408    0.13251    3     2     1
   0    2   -9   1.203600     0.839120    10.167109      10.2017   79.81408    0.13251    3     2     1
   0    2    9   1.203600     5.615348     8.240718      9.97204   79.81408    0.12661    3     2     1
   0    0   21   1.199191    -0.000000     0.000000  1.53539e-13   79.93411    0.00000    1     1     1
   0    0  -21   1.199191    -0.000000    -0.000000  1.50716e-13   79.93411    0.00000    1     1     1
   0    0   21   1.199191    -0.000000     0.000000  1.50961e-13   80.16691    0.00000    1     2     1
   0    0  -21   1.199191    -0.000000    -0.000000  1.52023e-13   80.16691    0.00000    1     2     1
   1    0  -19   1.186883     3.938359     7.489594      8.46196   80.93372    0.17852    3     1     1
   1    0   19   1.186883     1.529115     8.461243       8.5983   80.93372    0.18432    3     1     1
   0    1  -19   1.186883     2.437309    -8.103346      8.46196   80.93372    0.17852    3     1     1
   0    1   19   1.186883     4.837132    -7.108655       8.5983   80.93372    0.18432    3     1     1
   1    0  -19   1.186883     3.936754     7.491175      8.46261   81.17068    0.08889    3     2     1
   1    0   19   1.186883     1.527389     8.462807      8.59954   81.17068    0.09179    3     2     1
   0    1  -19   1.186883     2.439562    -8.103350      8.46261   81.17068    0.08889    3     2     1
   0    1   19   1.186883     4.839459    -7.108562      8.59954   81.17068    0.09179    3     2     1
   2    0  -10   1.178301    -5.516977     5.134335      7.53647   81.64756    0.13980    3     1     1
   2    0   10   1.178301    -2.269389     7.030243      7.38745   81.64756    0.13433    3     1     1
   0    2  -10   1.178301    -1.687976    -7.345010      7.53647   81.64756    0.13980    3     1     1
   0    2   10   1.178301    -4.953674    -5.480469      7.38745   81.64756    0.13433    3     1     1
   2    0  -10   1.178301    -5.518585     5.134063      7.53746   81.88753    0.06963    3     2     1
   2    0   10   1.178301    -2.270908     7.030125      7.38781   81.88753    0.06689    3     2     1
   0    2  -10   1.178301    -1.686937    -7.346266      7.53746   81.88753    0.06963    3     2     1
   0    2   10   1.178301    -4.952813    -5.481727      7.38781   81.88753    0.06689    3     2     1
   1    1  -14   1.169619     0.000000    -0.000000  7.40292e-14   82.38443    0.00000    6     1     1
   1    1   14   1.169619     0.000000     0.000000   5.8994e-14   82.38443    0.00000    6     1     1
   1    1  -14   1.169619     0.000000    -0.000000  6.11585e-14   82.62755    0.00000    6     2     1
   1    1   14   1.169619     0.000000     0.000000  5.16141e-14   82.62755    0.00000    6     2     1
   2    0  -11   1.152115     7.336902   -10.007674       12.409   83.91719    0.36517    3     1     1
   2    0   11   1.152115     2.723463   -11.920416      12.2276   83.91719    0.35457    3     1     1
   0    2  -11   1.152115     1.776603    12.281178       12.409   83.91719    0.36517    3     1     1
   0    2   11   1.152115     6.408532    10.413658      12.2276   83.91719    0.35457    3     1     1
   2    0  -11   1.152115     7.339408   -10.007643      12.4105   84.16696    0.18194    3     2     1
   2    0   11   1.152115     2.725824   -11.920576      12.2283   84.16696    0.17664    3     2     1
   0    2  -11   1.152115     1.774793    12.282913      12.4105   84.16696    0.18194    3     2     1
   0    2   11   1.152115     6.406959    10.415427      12.2283   84.16696    0.17664    3     2     1
   0    0  -22   1.144682     0.000000     0.000000  1.35694e-13   84.58799    0.00000    1     1     1
   0    0   22   1.144682     0.000000    -0.000000  1.39978e-13   84.58799    0.00000    1     1     1
   0    0  -22   1.144682     0.000000     0.000000  1.35596e-13   84.84072    0.00000    1     2     1
   0    0   22   1.144682     0.000000    -0.000000  1.39724e-13   84.84072    0.00000    1     2     1
   0    1  -20   1.138589    -2.895535     4.372422      5.24425   85.14707    0.06406    3     1     1
   0    1   20   1.138589    -2.895535     4.372422      5.24425   85.14707    0.06406    3     1     1
   1    0  -20   1.138589    -2.338861    -4.693817      5.24425   85.14707    0.06406    3     1     1
   1    0   20   1.138589    -2.338861    -4.693817      5.24425   85.14707    0.06406    3     1     1
   0    1  -20   1.138589    -2.897021     4.372183      5.24488   85.40230    0.03193    3     2     1
   0    1   20   1.138589    -2.897021     4.372183      5.24488   85.40230    0.03193    3     2     1
   1    0  -20   1.138589    -2.337911    -4.694985      5.24488   85.40230    0.03193    3     2     1
   1    0   20   1.138589    -2.337911    -4.694985      5.24488   85.40230    0.03193    3     2     1
   1    1  -15   1.134667    -0.000000    -0.000000  1.15595e-13   85.51147    0.00000    6     1     1
   1    1   15   1.134667    -0.000000     0.000000  1.30006e-13   85.51147    0.00000    6     1     1
   1    1  -15   1.134667    -0.000000    -0.000000  1.13425e-13   85.76833    0.00000    6     2     1
   1    1   15   1.134667    -0.000000     0.000000  9.57827e-14   85.76833    0.00000    6     2     1
   2    0   12   1.125346    -9.543615   -18.593886      20.9001   86.39216    1.00088    3     1     1
   0    2  -12   1.125346   -11.065418    17.943479      21.0811   86.39216    1.01829    3     1     1
   2    0  -12   1.125346    -4.676269   -20.555885      21.0811   86.39216    1.01829    3     1     1
   0    2   12   1.125346    -6.217808    19.953748      20.9001   86.39216    1.00088    3     1     1
   2    0   12   1.125346    -9.540995   -18.596814      20.9015   86.65302    0.49889    3     2     1
   2    0  -12   1.125346    -4.673395   -20.558777      21.0833   86.65302    0.50760    3     2     1
   0    2  -12   1.125346   -11.069494    17.943529      21.0833   86.65302    0.50760    3     2     1
   0    2   12   1.125346    -6.221729    19.954001      20.9015   86.65302    0.49889    3     2     1
   1    1   16   1.100564     0.000000     0.000000  1.32351e-13   88.83963    0.00000    6     1     1
   1    1  -16   1.100564     0.000000    -0.000000  1.26534e-13   88.83963    0.00000    6     1     1
   2    0   13   1.098266    34.090851     4.881263      34.4385   89.07487    2.63748    3     1     1
   2    0  -13   1.098266    33.779275     7.084178      34.5141   89.07487    2.64907    3     1     1
   0    2  -13   1.098266    34.443036    -2.214107      34.5141   89.07487    2.64907    3     1     1
   0    2   13   1.098266    34.153711    -4.420056      34.4385   89.07487    2.63748    3     1     1
   1    1   16   1.100564     0.000000     0.000000  1.34385e-13   89.11191    0.00000    6     2     1
   1    1  -16   1.100564     0.000000    -0.000000  1.26968e-13   89.11191    0.00000    6     2     1
   2    0   13   1.098266    34.092791     4.887462      34.4413   89.34827    1.31551    3     2     1
   2    0  -13   1.098266    33.781147     7.090464      34.5172   89.34827    1.32131    3     2     1
   0    2  -13   1.098266    34.446522    -2.208552      34.5172   89.34827    1.32131    3     2     1
   0    2   13   1.098266    34.157239    -4.414602      34.4413   89.34827    1.31551    3     2     1
   0    0  -23   1.094913    -0.000000     0.000000  2.00271e-13   89.42067    0.00000    1     1     1
   0    0   23   1.094913    -0.000000    -0.000000  1.99944e-13   89.42067    0.00000    1     1     1
   0    1  -21   1.093680     4.625954    -6.774501      8.20325   89.54866    0.14898    3     1     1
   0    1   21   1.093680     2.353871    -7.716961      8.06797   89.54866    0.14411    3     1     1
   1    0   21   1.093680     3.727182     7.155440      8.06797   89.54866    0.14411    3     1     1
   1    0  -21   1.093680     1.445678     8.074858      8.20325   89.54866    0.14898    3     1     1
   0    0  -23   1.094913    -0.000000     0.000000   1.9722e-13   89.69573    0.00000    1     2     1
   0    0   23   1.094913    -0.000000    -0.000000  1.99706e-13   89.69573    0.00000    1     2     1
   0    1  -21   1.093680     4.628281    -6.774407      8.20449   89.82434    0.07433    3     2     1
   0    1   21   1.093680     2.356124    -7.716965      8.06863   89.82434    0.07189    3     2     1
   1    0   21   1.093680     3.725577     7.157020      8.06863   89.82434    0.07189    3     2     1
   1    0  -21   1.093680     1.443952     8.076422      8.20449   89.82434    0.07433    3     2     1
   2    0   14   1.071108    20.878752    -0.657779      20.8891   91.97009    0.94769    3     1     1
   0    2   14   1.071108    20.293242     4.953713      20.8891   91.97009    0.94769    3     1     1
   0    2  -14   1.071108    20.668016     2.305476      20.7962   91.97009    0.93928    3     1     1
   2    0  -14   1.071108    20.531144    -3.309719      20.7962   91.97009    0.93928    3     1     1
   2    0   14   1.071108    20.880886    -0.654318      20.8911   92.25770    0.47305    3     2     1
   0    2   14   1.071108    20.294372     4.957619      20.8911   92.25770    0.47305    3     2     1
   0    2  -14   1.071108    20.669228     2.309276      20.7978   92.25770    0.46884    3     2     1
   2    0  -14   1.071108    20.533329    -3.306382      20.7978   92.25770    0.46884    3     2     1
   1    1  -17   1.067439     0.000000     0.000000  2.92305e-13   92.37847    0.00000    6     1     1
   1    1   17   1.067439     0.000000    -0.000000  3.05053e-13   92.37847    0.00000    6     1     1
   1    1  -17   1.067439     0.000000     0.000000  2.99981e-13   92.66814    0.00000    6     2     1
   1    1   17   1.067439     0.000000    -0.000000  3.07238e-13   92.66814    0.00000    6     2     1
   1    0  -22   1.051857    -9.215889    11.283419      14.5687   94.16255    0.45546    3     1     1
   0    1   22   1.051857    -7.755155   -11.919460      14.2203   94.16255    0.43393    3     1     1
   0    1  -22   1.051857    -1.329722   -14.507929      14.5687   94.16255    0.45546    3     1     1
   1    0   22   1.051857    -2.817622    13.938327      14.2203   94.16255    0.43393    3     1     1
   1    0  -22   1.051857    -9.219754    11.283247      14.5711   94.46143    0.22752    3     2     1
   0    1   22   1.051857    -7.752625   -11.922094      14.2211   94.46143    0.21672    3     2     1
   0    1  -22   1.051857    -1.326843   -14.510513      14.5711   94.46143    0.22752    3     2     1
   1    0   22   1.051857    -2.821272    13.938434      14.2211   94.46143    0.21672    3     2     1
   0    0  -24   1.049292    -0.000000    -0.000000   1.0579e-13   94.46428    0.00000    1     1     1
   0    0   24   1.049292    -0.000000     0.000000  1.02556e-13   94.46428    0.00000    1     1     1
   0    0  -24   1.049292    -0.000000    -0.000000  1.05183e-13   94.76474    0.00000    1     2     1
   0    0   24   1.049292    -0.000000     0.000000  1.03953e-13   94.76474    0.00000    1     2     1
   2    0   15   1.044071   -21.370630    45.615916      50.3738   95.08559    5.42592    3     1     1
   2    0  -15   1.044071    -6.470232    49.385193      49.8072   95.08559    5.30457    3     1     1
   0    2   15   1.044071    -2.366888   -50.318123      50.3738   95.08559    5.42592    3     1     1
   0    2  -15   1.044071   -17.305704   -46.704109      49.8072   95.08559    5.30457    3     1     1
   2    0   15   1.044071   -21.380904    45.617464      50.3795   95.38935    2.71093    3     2     1
   2    0  -15   1.044071    -6.479943    49.387288      49.8106   95.38935    2.65005    3     2     1
   0    2   15   1.044071    -2.358522   -50.324283      50.3795   95.38935    2.71093    3     2     1
   0    2  -15   1.044071   -17.298091   -46.710491      49.8106   95.38935    2.65005    3     2     1
   1    1  -18   1.035381    -0.000000    -0.000000  7.57901e-14   96.14205    0.00000    6     1     1
   1    1   18   1.035381    -0.000000     0.000000   6.3419e-14   96.14205    0.00000    6     1     1
   1    1  -18   1.035381    -0.000000    -0.000000  7.17571e-14   96.45151    0.00000    6     2     1
   1    1   18   1.035381    -0.000000     0.000000  6.65098e-14   96.45151    0.00000    6     2     1
   2    0   16   1.017319    17.855343     2.422235      18.0189   98.43298    0.69040    3     1     1
   0    2  -16   1.017319    17.676674    -0.798912      17.6947   98.43298    0.66578    3     1     1
   0    2   16   1.017319    16.555848     7.112270      18.0189   98.43298    0.69040    3     1     1
   2    0  -16   1.017319    16.818124    -5.500343      17.6947   98.43298    0.66578    3     1     1
   2    0   16   1.017319    17.857294     2.425771      18.0213   98.75521    0.34531    3     2     1
   0    2  -16   1.017319    17.677863    -0.795308      17.6957   98.75521    0.33295    3     2     1
   0    2   16   1.017319    16.556782     7.116200      18.0213   98.75521    0.34531    3     2     1
   2    0  -16   1.017319    16.820234    -5.497189      17.6957   98.75521    0.33295    3     2     1
   1    0  -23   1.012850    25.705018     4.571419      26.1083   99.02077    1.44970    3     1     1
   1    0   23   1.012850    23.966516    -8.709072      25.4998   99.02077    1.38291    3     1     1
   0    1  -23   1.012850    23.544052    11.283768      26.1083   99.02077    1.44970    3     1     1
   0    1   23   1.012850    25.423041    -1.977576      25.4998   99.02077    1.38291    3     1     1
   1    0  -23   1.012850    25.708018     4.577091      26.1123   99.34637    0.72525    3     2     1
   1    0   23   1.012850    23.969784    -8.704043      25.5012   99.34637    0.69170    3     2     1
   0    1  -23   1.012850    23.545425    11.290035      26.1123   99.34637    0.72525    3     2     1
   0    1   23   1.012850    25.424844    -1.971856      25.5012   99.34637    0.69170    3     2     1
   2    1    0   1.007839    -3.820839    -7.296899      8.23672   99.69037    0.28875    6     1     1
   1    2    0   1.007839    -4.408881     6.957393      8.23672   99.69037    0.28875    6     1     1
   0    0  -25   1.007320     0.000000     0.000000  1.68812e-14   99.76041    0.00000    1     1     1
   0    0   25   1.007320     0.000000    -0.000000  1.93984e-14   99.76041    0.00000    1     1     1
   2    1   -1   1.007033     5.218997    11.021282      12.1945   99.79915    0.63301    6     1     1
   2    1    1   1.007033     3.044529    11.896935      12.2803   99.79915    0.64195    6     1     1
   1    2   -1   1.007033     3.997945   -11.520548      12.1945   99.79915    0.63301    6     1     1
   1    2    1   1.007033     6.162992   -10.621853      12.2803   99.79915    0.64195    6     1     1
   2    1    0   1.007839    -3.819888    -7.298245      8.23747  100.01986    0.14447    6     2     1
   1    2    0   1.007839    -4.410521     6.957243      8.23747  100.01986    0.14447    6     2     1
   0    0  -25   1.007320     0.000000     0.000000  1.77982e-14  100.09032    0.00000    1     2     1
   0    0   25   1.007320     0.000000    -0.000000  1.92376e-14  100.09032    0.00000    1     2     1
   2    1   -2   1.004626    -4.605797    18.008985      18.5886  100.12572    1.47160    6     1     1
   2    1    2   1.004626   -10.840273    15.421050      18.8499  100.12572    1.51327    6     1     1
   1    2    2   1.004626    -3.069627   -18.598325      18.8499  100.12572    1.51327    6     1     1
   1    2   -2   1.004626    -9.331269   -16.076826      18.5886  100.12572    1.47160    6     1     1
   2    1   -1   1.007033     5.217359    11.023100      12.1955  100.12929    0.31671    6     2     1
   2    1    1   1.007033     3.042769    11.898736      12.2816  100.12929    0.32120    6     2     1
   1    2   -1   1.007033     4.000388   -11.520697      12.1955  100.12929    0.31671    6     2     1
   1    2    1   1.007033     6.165510   -10.621905      12.2816  100.12929    0.32120    6     2     1
   1    1  -19   1.004446     0.000000    -0.000000  1.27336e-13  100.15024    0.00000    6     1     1
   1    1   19   1.004446     0.000000     0.000000  1.31395e-13  100.15024    0.00000    6     1     1
   2    1   -2   1.004626    -4.609651    18.009248      18.5898  100.45778    0.73634    6     2     1
   2    1    2   1.004626   -10.844341    15.421032      18.8523  100.45778    0.75728    6     2     1
   1    2    2   1.004626    -3.066713   -18.601162      18.8523  100.45778    0.75728    6     2     1
   1    2   -2   1.004626    -9.328703   -16.079714      18.5898  100.45778    0.73634    6     2     1
   1    1  -19   1.004446     0.000000    -0.000000   1.1844e-13  100.48244    0.00000    6     2     1
   1    1   19   1.004446     0.000000     0.000000  1.28547e-13  100.48244    0.00000    6     2     1
   2    1   -3   1.000653    25.843450    -8.909138       27.336  100.67075    3.18583    6     1     1
   2    1    3   1.000653    27.570065     4.284141      27.9009  100.67075    3.31887    6     1     1
   1    2   -3   1.000653    27.285056    -1.668046       27.336  100.67075    3.18583    6     1     1
   1    2    3   1.000653    25.417954    11.506085      27.9009  100.67075    3.31887    6     1     1
   2    1   -3   1.000653    25.846820    -8.904067      27.3375  101.00604    1.59435    6     2     1
   2    1    3   1.000653    27.573167     4.289855      27.9049  101.00604    1.66121    6     2     1
   1    2   -3   1.000653    27.286946    -1.662259      27.3375  101.00604    1.59435    6     2     1
   1    2    3   1.000653    25.419414    11.512421      27.9049  101.00604    1.66121    6     2     1
   2    1   -4   0.995169    14.861692    -1.148435       14.906  101.43544    0.94913    6     1     1
   2    1    4   0.995169    13.753706     6.668544      15.2851  101.43544    0.99802    6     1     1
   1    2   -4   0.995169    14.012279    -5.083782       14.906  101.43544    0.94913    6     1     1
   1    2    4   0.995169    15.036659     2.744593      15.2851  101.43544    0.99802    6     1     1
   2    1   -4   0.995169    14.862775    -1.144915      14.9068  101.77534    0.47511    6     2     1
   2    1    4   0.995169    13.754534     6.672391      15.2875  101.77534    0.49969    6     2     1
   1    2   -4   0.995169    14.014265    -5.080679      14.9068  101.77534    0.47511    6     2     1
   1    2    4   0.995169    15.038486     2.748078      15.2875  101.77534    0.49969    6     2     1
   2    0  -17   0.990985    25.016851    -1.953743       25.093  102.02881    1.34742    3     1     1
   2    0   17   0.990985    23.159055    11.152100      25.7043  102.02881    1.41386    3     1     1
   0    2  -17   0.990985    23.581519    -8.577405       25.093  102.02881    1.34742    3     1     1
   0    2   17   0.990985    25.298827     4.547586      25.7043  102.02881    1.41386    3     1     1
   2    0  -17   0.990985    25.018653    -1.948023      25.0944  102.37234    0.67462    3     2     1
   2    0   17   0.990985    23.160429    11.158368      25.7083  102.37234    0.70803    3     2     1
   0    2  -17   0.990985    23.584787    -8.572376      25.0944  102.37234    0.67462    3     2     1
   0    2   17   0.990985    25.301827     4.553258      25.7083  102.37234    0.70803    3     2     1
   2    1   -5   0.988248   -13.136113   -30.476633      33.1871  102.42168    4.72050    6     1     1
   2    1    5   0.988248     1.356584   -33.980261      34.0073  102.42168    4.95673    6     1     1
   1    2   -5   0.988248    -2.591498    33.085748      33.1871  102.42168    4.72050    6     1     1
   1    2    5   0.988248   -17.045777    29.426858      34.0073  102.42168    4.95673    6     1     1
   2    1   -5   0.988248   -13.128722   -30.482261      33.1893  102.76763    2.36384    6     2     1
   2    1    5   0.988248     1.364728   -33.985668      34.0131  102.76763    2.48263    6     2     1
   1    2   -5   0.988248    -2.600661    33.087281      33.1893  102.76763    2.36384    6     2     1
   1    2    5   0.988248   -17.055503    29.427843      34.0131  102.76763    2.48263    6     2     1
   2    1    6   0.979983    11.342441     3.625545      11.9078  103.63221    0.61097    6     1     1
   1    2    6   0.979983    11.898987     0.457880      11.9078  103.63221    0.61097    6     1     1
   1    2   -6   0.979983    11.568948    -2.065157      11.7518  103.63221    0.59507    6     1     1
   2    1   -6   0.979983    11.699646     1.106210      11.7518  103.63221    0.59507    6     1     1
   2    1    6   0.979983    11.343245     3.629196      11.9097  103.98578    0.30613    6     2     1
   1    2    6   0.979983    11.900739     0.461183      11.9097  103.98578    0.30613    6     2     1
   1    2   -6   0.979983    11.570751    -2.061979       11.753  103.98578    0.29814    6     2     1
   2    1   -6   0.979983    11.700533     1.109755       11.753  103.98578    0.29814    6     2     1
   0    1  -24   0.976413    17.339539     2.404840      17.5055  104.16653    0.66204    3     1     1
   1    0  -24   0.976413    16.063513     6.957473      17.5055  104.16653    0.66204    3     1     1
   0    1   24   0.976413    16.325789    -5.345545      17.1787  104.16653    0.63755    3     1     1
   1    0   24   0.976413    17.160870    -0.781518      17.1787  104.16653    0.63755    3     1     1
   1    1   20   0.974665    46.868559     3.213958      46.9786  104.43068    9.54990    6     1     1
   1    1  -20   0.974665    46.868559     3.213958      46.9786  104.43068    9.54990    6     1     1
   0    1  -24   0.976413    17.341491     2.408377      17.5079  104.52352    0.33177    3     2     1
   1    0  -24   0.976413    16.064447     6.961403      17.5079  104.52352    0.33177    3     2     1
   0    1   24   0.976413    16.327899    -5.342391      17.1797  104.52352    0.31945    3     2     1
   1    0   24   0.976413    17.162059    -0.777914      17.1797  104.52352    0.31945    3     2     1
   1    1   20   0.974665    46.873924     3.228023      46.9849  104.78938    4.78621    6     2     1
   1    1  -20   0.974665    46.873924     3.228023      46.9849  104.78938    4.78621    6     2     1
   1    2   -7   0.970477    18.100875     4.799504      18.7264  105.07094    1.52320    6     1     1
   1    2    7   0.970477    18.392044     2.746317       18.596  105.07094    1.50206    6     1     1
   2    1   -7   0.970477    18.725081    -0.219650      18.7264  105.07094    1.52320    6     1     1
   2    1    7   0.970477    18.456163    -2.275869       18.596  105.07094    1.50206    6     1     1
   0    0  -26   0.968577     0.000000    -0.000000  5.85681e-14  105.36470    0.00000    1     1     1
   0    0   26   0.968577     0.000000     0.000000  6.56532e-14  105.36470    0.00000    1     1     1
   1    2   -7   0.970477    18.102198     4.805360      18.7292  105.43383    0.76359    6     2     1
   1    2    7   0.970477    18.393435     2.752087      18.5982  105.43383    0.75295    6     2     1
   2    1   -7   0.970477    18.727924    -0.214361      18.7292  105.43383    0.76359    6     2     1
   2    1    7   0.970477    18.459048    -2.270682      18.5982  105.43383    0.75295    6     2     1
   0    0  -26   0.968577     0.000000    -0.000000  5.96526e-14  105.72954    0.00000    1     2     1
   0    0   26   0.968577     0.000000     0.000000  6.22076e-14  105.72954    0.00000    1     2     1
   0    2  -18   0.965174    -2.630765    13.061620      13.3239  105.89630    0.38765    3     1     1
   0    2   18   0.965174    -8.734970    10.526950       13.679  105.89630    0.40859    3     1     1
   2    0  -18   0.965174    -7.274235   -11.162990      13.3239  105.89630    0.38765    3     1     1
   2    0   18   0.965174    -1.142866   -13.631223       13.679  105.89630    0.40859    3     1     1
   0    2  -18   0.965174    -2.634416    13.061727      13.3247  106.26468    0.19436    3     2     1
   0    2   18   0.965174    -8.738834    10.526777      13.6814  106.26468    0.20490    3     2     1
   2    0  -18   0.965174    -7.271706   -11.165624      13.3247  106.26468    0.19436    3     2     1
   2    0   18   0.965174    -1.139987   -13.633807      13.6814  106.26468    0.20490    3     2     1
   1    2    8   0.959845    -6.070464   -10.611592      12.2252  106.74325    0.65676    6     1     1
   1    2   -8   0.959845    -1.628260   -12.399758      12.5062  106.74325    0.68730    6     1     1
   2    1   -8   0.959845    -7.525828     9.988350      12.5062  106.74325    0.68730    6     1     1
   2    1    8   0.959845    -3.103362    11.824786      12.2252  106.74325    0.65676    6     1     1
   1    2    8   0.959845    -6.067893   -10.614172      12.2262  107.11737    0.32939    6     2     1
   1    2   -8   0.959845    -1.625436   -12.402301      12.5084  107.11737    0.34477    6     2     1
   2    1   -8   0.959845    -7.529625     9.988186      12.5084  107.11737    0.34477    6     2     1
   2    1    8   0.959845    -3.107003    11.824825      12.2262  107.11737    0.32939    6     2     1
   2    1   -9   0.948207     0.612686     8.694373      8.71593  108.65655    0.33926    6     1     1
   2    1    9   0.948207     4.749037     7.029486      8.48334  108.65655    0.32140    6     1     1
   1    2    9   0.948207     1.536504    -8.343032      8.48334  108.65655    0.32140    6     1     1
   1    2   -9   0.948207     5.654366    -6.632922      8.71593  108.65655    0.33926    6     1     1
   1    1  -21   0.946047    -0.000000    -0.000000  1.55338e-13  109.02190    0.00000    6     1     1
   1    1   21   0.946047    -0.000000     0.000000  1.47256e-13  109.02190    0.00000    6     1     1
   2    1   -9   0.948207     0.610893     8.695987      8.71742  109.04408    0.17031    6     2     1
   2    1    9   0.948207     4.747482     7.031133      8.48383  109.04408    0.16130    6     2     1
   1    2    9   0.948207     1.538768    -8.343118      8.48383  109.04408    0.16130    6     2     1
   1    2   -9   0.948207     5.656775    -6.632818      8.71742  109.04408    0.17031    6     2     1
   1    1  -21   0.946047     0.000000    -0.000000  1.51944e-13  109.41207    0.00000    6     2     1
   1    1   21   0.946047    -0.000000     0.000000  1.45663e-13  109.41207    0.00000    6     2     1
   0    1   25   0.942322    -6.031111    45.908591      46.3031  109.65964    4.83385    3     1     1
   0    1  -25   0.942322   -20.137870    42.335690      46.8812  109.65964    4.95531    3     1     1
   1    0  -25   0.942322    -1.927767   -46.841522      46.8812  109.65964    4.95531    3     1     1
   1    0   25   0.942322   -16.072943   -43.423882      46.3031  109.65964    4.83385    3     1     1
   0    1   25   0.942322    -6.040822    45.910687      46.3064  110.05446    2.42700    3     2     1
   0    1  -25   0.942322   -20.148143    42.337238       46.887  110.05446    2.48825    3     2     1
   1    0  -25   0.942322    -1.919401   -46.847682       46.887  110.05446    2.48825    3     2     1
   1    0   25   0.942322   -16.065330   -43.430265      46.3064  110.05446    2.42700    3     2     1
   0    2  -19   0.939969     3.300535     6.373188      7.17712  110.06789    0.11662    3     1     1
   0    2   19   0.939969     1.202033     7.217780      7.31719  110.06789    0.12122    3     1     1
   2    0  -19   0.939969     2.110226    -6.859884      7.17712  110.06789    0.11662    3     1     1
   2    0   19   0.939969     4.199307    -5.992250      7.31719  110.06789    0.12122    3     1     1
   0    2  -19   0.939969     3.298930     6.374769      7.17779  110.46572    0.05857    3     2     1
   0    2   19   0.939969     1.200307     7.219344      7.31845  110.46572    0.06088    3     2     1
   2    0  -19   0.939969     2.112479    -6.859887      7.17779  110.46572    0.05857    3     2     1
   2    0   19   0.939969     4.201634    -5.992156      7.31845  110.46572    0.06088    3     2     1
   1    2  -10   0.935689    -4.784221     4.341679      6.46057  110.82092    0.19051    6     1     1
   1    2   10   0.935689    -1.949307     5.999330      6.30807  110.82092    0.18163    6     1     1
   2    1  -10   0.935689    -1.367894    -6.314097      6.46057  110.82092    0.19051    6     1     1
   2    1   10   0.935689    -4.220918    -4.687814      6.30807  110.82092    0.18163    6     1     1
   1    2  -10   0.935689    -4.785829     4.341407      6.46158  111.22440    0.09571    6     2     1
   1    2   10   0.935689    -1.950826     5.999212      6.30843  111.22440    0.09123    6     2     1
   2    1  -10   0.935689    -1.366855    -6.315353      6.46158  111.22440    0.09571    6     2     1
   2    1   10   0.935689    -4.220057    -4.689071      6.30843  111.22440    0.09123    6     2     1
   0    0  -27   0.932704    -0.000000     0.000000  8.10588e-14  111.35455    0.00000    1     1     1
   0    0   27   0.932704    -0.000000    -0.000000  8.15992e-14  111.35455    0.00000    1     1     1
   0    0  -27   0.932704    -0.000000     0.000000  7.91671e-14  111.76211    0.00000    1     2     1
   0    0   27   0.932704    -0.000000    -0.000000  7.60291e-14  111.76211    0.00000    1     2     1
   2    1  -11   0.922413     1.403611    10.582558      10.6752  113.25004    0.53531    6     1     1
   1    2   11   0.922413     2.350472   -10.221795      10.4886  113.25004    0.51675    6     1     1
   1    2  -11   0.922413     6.412938    -8.534336      10.6752  113.25004    0.53531    6     1     1
   2    1   11   0.922413     5.484568     8.940321      10.4886  113.25004    0.51675    6     1     1
   2    1  -11   0.922413     1.401801    10.584292      10.6767  113.67251    0.26919    6     2     1
   1    2   11   0.922413     2.352832   -10.221955      10.4892  113.67251    0.25982    6     2     1
   1    2  -11   0.922413     6.415444    -8.534305      10.6767  113.67251    0.26919    6     2     1
   2    1   11   0.922413     5.482995     8.942089      10.4892  113.67251    0.25982    6     2     1
   1    1  -22   0.918585     0.000000    -0.000000  5.47472e-14  113.97846    0.00000    6     1     1
   1    1   22   0.918585     0.000000     0.000000  4.59432e-14  113.97846    0.00000    6     1     1
   1    1  -22   0.918585     0.000000    -0.000000  5.94101e-14  114.40687    0.00000    6     2     1
   1    1   22   0.918585     0.000000     0.000000  4.56728e-14  114.40687    0.00000    6     2     1
   2    0   20   0.915428    -2.491260     3.672198       4.4375  114.58936    0.04707    3     1     1
   0    2   20   0.915428    -1.934586    -3.993594       4.4375  114.58936    0.04707    3     1     1
   0    2  -20   0.915428    -1.934586    -3.993594       4.4375  114.58936    0.04707    3     1     1
   2    0  -20   0.915428    -2.491260     3.672198       4.4375  114.58936    0.04707    3     1     1
   2    0   20   0.915428    -2.492747     3.671959      4.43814  115.02283    0.02368    3     2     1
   0    2   20   0.915428    -1.933637    -3.994762      4.43814  115.02283    0.02368    3     2     1
   0    2  -20   0.915428    -1.933637    -3.994762      4.43814  115.02283    0.02368    3     2     1
   2    0  -20   0.915428    -2.492747     3.671959      4.43814  115.02283    0.02368    3     2     1
   0    1  -26   0.910378    18.627658    -0.462769      18.6334  115.58601    0.84163    3     1     1
   1    0  -26   0.910378    18.072068     4.539181      18.6334  115.58601    0.84163    3     1     1
   0    1   26   0.910378    18.309969    -2.895186      18.5375  115.58601    0.83299    3     1     1
   1    0   26   0.910378    18.416922     2.110465      18.5375  115.58601    0.83299    3     1     1
   1    2   12   0.908503    -8.183705   -16.042738      18.0095  115.96252    1.58101    6     1     1
   1    2  -12   0.908503    -3.859191   -17.782784      18.1967  115.96252    1.61405    6     1     1
   2    1  -12   0.908503    -9.705508    15.392331      18.1967  115.96252    1.61405    6     1     1
   2    1   12   0.908503    -5.400730    17.180646      18.0095  115.96252    1.58101    6     1     1
   0    1  -26   0.910378    18.629792    -0.459307      18.6355  116.02795    0.42361    3     2     1
   1    0  -26   0.910378    18.073198     4.543087      18.6355  116.02795    0.42361    3     2     1
   0    1   26   0.910378    18.312155    -2.891849      18.5391  116.02795    0.41924    3     2     1
   1    0   26   0.910378    18.418135     2.114265      18.5391  116.02795    0.41924    3     2     1
   1    2   12   0.908503    -8.181085   -16.045667      18.0109  116.40771    0.79583    6     2     1
   1    2  -12   0.908503    -3.856317   -17.785676      18.1989  116.40771    0.81253    6     2     1
   2    1  -12   0.908503    -9.709585    15.392382      18.1989  116.40771    0.81253    6     2     1
   2    1   12   0.908503    -5.404651    17.180900      18.0109  116.40771    0.79583    6     2     1
   0    0  -28   0.899393     0.000000    -0.000000   1.4024e-13  117.84341    0.00000    1     1     1
   0    0   28   0.899393     0.000000     0.000000  1.36381e-13  117.84341    0.00000    1     1     1
   0    0  -28   0.899393     0.000000    -0.000000  1.41802e-13  118.30541    0.00000    1     2     1
   0    0   28   0.899393     0.000000     0.000000  1.38301e-13  118.30541    0.00000    1     2     1
   1    2  -13   0.894074    29.194936     6.341992      29.8758  118.98393    4.56012    6     1     1
   1    2   13   0.894074    29.475102     4.369533      29.7972  118.98393    4.53616    6     1     1
   2    1  -13   0.894074    29.827287    -1.702378      29.8758  118.98393    4.56012    6     1     1
   2    1   13   0.894074    29.569371    -3.677869      29.7972  118.98393    4.53616    6     1     1
   1    1  -23   0.892262     0.000000     0.000000   1.7337e-13  119.37997    0.00000    6     1     1
   1    1   23   0.892262     0.000000    -0.000000  1.70405e-13  119.37997    0.00000    6     1     1
   1    2  -13   0.894074    29.196807     6.348278       29.879  119.45657    2.29857    6     2     1
   1    2   13   0.894074    29.477041     4.375732      29.8001  119.45657    2.28644    6     2     1
   2    1  -13   0.894074    29.830772    -1.696822       29.879  119.45657    2.29857    6     2     1
   2    1   13   0.894074    29.572899    -3.672415      29.8001  119.45657    2.28644    6     2     1
   0    2   21   0.891594     3.141251     6.058303      6.82426  119.52695    0.12005    3     1     1
   0    2  -21   0.891594     1.095068     6.881503      6.96809  119.52695    0.12516    3     1     1
   2    0  -21   0.891594     4.040024    -5.677365      6.96809  119.52695    0.12516    3     1     1
   2    0   21   0.891594     2.003262    -6.523606      6.82426  119.52695    0.12005    3     1     1
   1    1  -23   0.892262     0.000000     0.000000  1.68767e-13  119.85640    0.00000    6     2     1
   1    1   23   0.892262     0.000000    -0.000000  1.68253e-13  119.85640    0.00000    6     2     1
   0    2   21   0.891594     3.139646     6.059884      6.82492  120.00480    0.06052    3     2     1
   0    2  -21   0.891594     1.093342     6.883067      6.96936  120.00480    0.06311    3     2     1
   2    0  -21   0.891594     4.042351    -5.677271      6.96936  120.00480    0.06311    3     2     1
   2    0   21   0.891594     2.005514    -6.523610      6.82492  120.00480    0.06052    3     2     1
   3    0    0   0.888831    75.011660     3.395060      75.0885  120.14105   14.68681    3     1     1
   0    3    0   0.888831    75.011660     3.395060      75.0885  120.14105   14.68681    3     1     1
   3    0   -1   0.888278     0.000000    -0.000000  9.92566e-14  120.26511    0.00000    3     1     1
   3    0    1   0.888278     0.000000     0.000000  8.79274e-14  120.26511    0.00000    3     1     1
   0    3   -1   0.888278     0.000000    -0.000000  8.74389e-14  120.26511    0.00000    3     1     1
   0    3    1   0.888278     0.000000     0.000000  9.90598e-14  120.26511    0.00000    3     1     1
   3    0    0   0.888831    75.018560     3.410022       75.096  120.62488    7.40684    3     2     1
   0    3    0   0.888831    75.018560     3.410022       75.096  120.62488    7.40684    3     2     1
   3    0    2   0.886624    -0.000000    -0.000000  1.57822e-13  120.63822    0.00000    3     1     1
   3    0   -2   0.886624    -0.000000     0.000000   1.5052e-13  120.63822    0.00000    3     1     1
   0    3   -2   0.886624    -0.000000     0.000000  1.51835e-13  120.63822    0.00000    3     1     1
   0    3    2   0.886624    -0.000000    -0.000000  1.60031e-13  120.63822    0.00000    3     1     1
   3    0   -1   0.888278     0.000000     0.000000  9.77212e-14  120.75016    0.00000    3     2     1
   3    0    1   0.888278     0.000000     0.000000  9.02112e-14  120.75016    0.00000    3     2     1
   0    3   -1   0.888278     0.000000    -0.000000  8.84651e-14  120.75016    0.00000    3     2     1
   0    3    1   0.888278     0.000000     0.000000  1.02815e-13  120.75016    0.00000    3     2     1
   3    0    2   0.886624    -0.000000    -0.000000  1.56792e-13  121.12698    0.00000    3     2     1
   3    0   -2   0.886624    -0.000000     0.000000  1.54327e-13  121.12698    0.00000    3     2     1
   0    3   -2   0.886624    -0.000000     0.000000  1.54603e-13  121.12698    0.00000    3     2     1
   0    3    2   0.886624    -0.000000    -0.000000  1.59252e-13  121.12698    0.00000    3     2     1
   3    0    3   0.883890     0.000000     0.000000  5.80849e-13  121.26330    0.00000    3     1     1
   3    0   -3   0.883890     0.000000    -0.000000  5.51654e-13  121.26330    0.00000    3     1     1
   0    3   -3   0.883890     0.000000    -0.000000  5.62048e-13  121.26330    0.00000    3     1     1
   0    3    3   0.883890     0.000000     0.000000    5.657e-13  121.26330    0.00000    3     1     1
   3    0    3   0.883890     0.000000     0.000000  5.74066e-13  121.75837    0.00000    3     2     1
   3    0   -3   0.883890     0.000000    -0.000000  5.54514e-13  121.75837    0.00000    3     2     1
   0    3   -3   0.883890     0.000000    -0.000000  5.62193e-13  121.75837    0.00000    3     2     1
   0    3    3   0.883890     0.000000     0.000000  5.61967e-13  121.75837    0.00000    3     2     1
   0    1  -27   0.880399    29.115342     4.327689      29.4352  122.07586    2.33596    3     1     1
   1    0  -27   0.880399    29.211535    -3.621909      29.4352  122.07586    2.33596    3     1     1
   0    1   27   0.880399    28.837099     6.286031      29.5143  122.07586    2.34853    3     1     1
   1    0   27   0.880399    29.467527    -1.660534      29.5143  122.07586    2.34853    3     1     1
   3    0    4   0.880103     0.000000     0.000000  3.10598e-13  122.14545    0.00000    3     1     1
   3    0   -4   0.880103     0.000000    -0.000000  3.15976e-13  122.14545    0.00000    3     1     1
   0    3   -4   0.880103     0.000000    -0.000000   3.0415e-13  122.14545    0.00000    3     1     1
   0    3    4   0.880103     0.000000     0.000000  3.19717e-13  122.14545    0.00000    3     1     1
   1    2  -14   0.879238    17.815779    -2.807798      18.0357  122.34987    1.76287    6     1     1
   1    2   14   0.879238    18.128107    -0.414716      18.1328  122.34987    1.78192    6     1     1
   2    1  -14   0.879238    17.917371     2.062412      18.0357  122.34987    1.76287    6     1     1
   2    1   14   0.879238    17.577878     4.451792      18.1328  122.34987    1.78192    6     1     1
   0    1  -27   0.880399    29.117281     4.333888       29.438  122.57931    1.17914    3     2     1
   1    0  -27   0.880399    29.215063    -3.616455       29.438  122.57931    1.17914    3     2     1
   0    1   27   0.880399    28.838971     6.292317      29.5174  122.57931    1.18551    3     2     1
   1    0   27   0.880399    29.471012    -1.654978      29.5174  122.57931    1.18551    3     2     1
   3    0    4   0.880103     0.000000     0.000000  3.12791e-13  122.64963    0.00000    3     2     1
   3    0   -4   0.880103     0.000000    -0.000000  3.15383e-13  122.64963    0.00000    3     2     1
   0    3   -4   0.880103     0.000000    -0.000000  3.01683e-13  122.64963    0.00000    3     2     1
   0    3    4   0.880103     0.000000     0.000000  3.22034e-13  122.64963    0.00000    3     2     1
   1    2  -14   0.879238    17.817965    -2.804461      18.0373  122.85620    0.88997    6     2     1
   1    2   14   0.879238    18.130241    -0.411255      18.1349  122.85620    0.89962    6     2     1
   2    1  -14   0.879238    17.918583     2.066212      18.0373  122.85620    0.88997    6     2     1
   2    1   14   0.879238    17.579007     4.455699      18.1349  122.85620    0.89962    6     2     1
   3    0   -5   0.875305    -0.000000     0.000000  1.66089e-13  123.29238    0.00000    3     1     1
   3    0    5   0.875305    -0.000000    -0.000000  1.70921e-13  123.29238    0.00000    3     1     1
   0    3   -5   0.875305    -0.000000     0.000000  1.76281e-13  123.29238    0.00000    3     1     1
   0    3    5   0.875305    -0.000000    -0.000000  1.78469e-13  123.29238    0.00000    3     1     1
   3    0   -5   0.875305    -0.000000     0.000000  1.67866e-13  123.80880    0.00000    3     2     1
   3    0    5   0.875305    -0.000000    -0.000000  1.77757e-13  123.80880    0.00000    3     2     1
   0    3   -5   0.875305    -0.000000     0.000000  1.75565e-13  123.80880    0.00000    3     2     1
   0    3    5   0.875305    -0.000000    -0.000000  1.76329e-13  123.80880    0.00000    3     2     1
   3    0   -6   0.869547     0.000000     0.000000  2.48733e-13  124.71504    0.00000    3     1     1
   3    0    6   0.869547     0.000000     0.000000  2.53207e-13  124.71504    0.00000    3     1     1
   0    3   -6   0.869547     0.000000     0.000000  2.44259e-13  124.71504    0.00000    3     1     1
   0    3    6   0.869547     0.000000     0.000000  2.54316e-13  124.71504    0.00000    3     1     1
   2    0   22   0.868496    -6.670093   -10.117381      12.1182  124.98042    0.41862    3     1     1
   0    2  -22   0.868496    -8.130827     9.481340      12.4902  124.98042    0.44471    3     1     1
   0    2   22   0.868496    -2.329252    11.892271      12.1182  124.98042    0.41862    3     1     1
   2    0  -22   0.868496    -0.841352   -12.461874      12.4902  124.98042    0.44471    3     1     1
   0    0  -29   0.868379     0.000000    -0.000000  1.51983e-13  125.00988    0.00000    1     1     1
   0    0   29   0.868379     0.000000     0.000000   1.5515e-13  125.00988    0.00000    1     1     1
   3    0   -6   0.869547     0.000000     0.000000  2.51414e-13  125.24730    0.00000    3     2     1
   3    0    6   0.869547     0.000000     0.000000  2.49912e-13  125.24730    0.00000    3     2     1
   0    3   -6   0.869547     0.000000     0.000000   2.4385e-13  125.24730    0.00000    3     2     1
   0    3    6   0.869547     0.000000     0.000000  2.49441e-13  125.24730    0.00000    3     2     1
   1    1  -24   0.867050     0.000000     0.000000  7.54375e-14  125.34846    0.00000    6     1     1
   1    1   24   0.867050     0.000000    -0.000000  6.95576e-14  125.34846    0.00000    6     1     1
   2    0   22   0.868496    -6.667563   -10.120014       12.119  125.51572    0.21161    3     2     1
   0    2  -22   0.868496    -8.134692     9.481167      12.4926  125.51572    0.22485    3     2     1
   0    2   22   0.868496    -2.332902    11.892378       12.119  125.51572    0.21161    3     2     1
   2    0  -22   0.868496    -0.838473   -12.464458      12.4926  125.51572    0.22485    3     2     1
   0    0  -29   0.868379     0.000000    -0.000000  1.51616e-13  125.54552    0.00000    1     2     1
   0    0   29   0.868379     0.000000     0.000000  1.53495e-13  125.54552    0.00000    1     2     1
   1    1  -24   0.867050     0.000000     0.000000  7.38154e-14  125.88802    0.00000    6     2     1
   1    1   24   0.867050     0.000000    -0.000000  7.19105e-14  125.88802    0.00000    6     2     1
   1    2  -15   0.864097    -5.577160    42.856228      43.2176  126.11118   10.89605    6     1     1
   1    2   15   0.864097   -19.116060    39.423835       43.814  126.11118   11.19883    6     1     1
   2    1  -15   0.864097   -15.051133   -40.512028      43.2176  126.11118   10.89605    6     1     1
   2    1   15   0.864097    -1.473816   -43.789158       43.814  126.11118   11.19883    6     1     1
   3    0    7   0.862885     0.000000    -0.000000  3.95383e-13  126.42867    0.00000    3     1     1
   3    0   -7   0.862885     0.000000     0.000000  4.22692e-13  126.42867    0.00000    3     1     1
   0    3   -7   0.862885     0.000000     0.000000  3.99368e-13  126.42867    0.00000    3     1     1
   0    3    7   0.862885     0.000000    -0.000000  4.11136e-13  126.42867    0.00000    3     1     1
   1    2  -15   0.864097    -5.586871    42.858324      43.2209  126.65975    5.51134    6     2     1
   1    2   15   0.864097   -19.126333    39.425383      43.8198  126.65975    5.66513    6     2     1
   2    1  -15   0.864097   -15.043520   -40.518410      43.2209  126.65975    5.51134    6     2     1
   2    1   15   0.864097    -1.465450   -43.795318      43.8198  126.65975    5.66513    6     2     1
   3    0    7   0.862885     0.000000    -0.000000  3.94425e-13  126.98105    0.00000    3     2     1
   3    0   -7   0.862885     0.000000     0.000000  4.22025e-13  126.98105    0.00000    3     2     1
   0    3   -7   0.862885     0.000000     0.000000  4.04968e-13  126.98105    0.00000    3     2     1
   0    3    7   0.862885     0.000000    -0.000000  4.16478e-13  126.98105    0.00000    3     2     1
   3    0    8   0.855386    -0.000000     0.000000  1.28988e-13  128.45430    0.00000    3     1     1
   3    0   -8   0.855386    -0.000000    -0.000000  1.20349e-13  128.45430    0.00000    3     1     1
   0    3    8   0.855386    -0.000000    -0.000000  1.23308e-13  128.45430    0.00000    3     1     1
   0    3   -8   0.855386    -0.000000    -0.000000  1.31783e-13  128.45430    0.00000    3     1     1
   3    0    8   0.855386    -0.000000     0.000000  1.27253e-13  129.03210    0.00000    3     2     1
   0    3   -8   0.855386    -0.000000    -0.000000  1.30995e-13  129.03210    0.00000    3     2     1
   0    3    8   0.855386    -0.000000    -0.000000  1.21059e-13  129.03210    0.00000    3     2     1
   3    0   -8   0.855386    -0.000000    -0.000000  1.22136e-13  129.03210    0.00000    3     2     1
