	Raman shift	Intensity	Baseline	Corrected Intensity	intensity_norm	intensity_sub	linear_baseline	intensity_final	Curve 1	Curve 2	Curve 3	Fit Sum
296.0	1100.49	21414.3	20935.84556245128	478.4544375487203	0.013170829666110911	-0.05184745705786227	0.013175534597270553	-0.06502299165513283	0.018973497480174146	8.255228153740132E-27	0.0025010131697840664	0.02147451064995821
297.0	1103.83	21289.3	20954.415384078977	334.8846159210225	0.009218658848048882	-0.050800777998302155	0.012448332065620439	-0.06324911006392259	0.019455215997641464	2.1735273585825284E-26	0.002535192287490163	0.021990408285131626
298.0	1107.17	21390.7	20972.776196814735	417.92380318526557	0.011504550471654657	-0.04986715886660161	0.011721129533970275	-0.061588288400571886	0.01995520889236895	5.676379728077557E-26	0.0025700752374646424	0.022525284129833595
299.0	1110.51	21451.8	20990.92823672733	460.87176327266934	0.012686816163903618	-0.046393502645865003	0.01099392700232016	-0.05738742964818516	0.020474407861193183	1.470442574039377E-25	0.002605681432191301	0.023080089293384485
300.0	1113.85	21659.2	21008.871740303464	650.3282596965364	0.01790214921906587	-0.043475529954264534	0.010266724470670046	-0.05374225442493458	0.021013807727779058	3.778287445900835E-25	0.0026420309564445855	0.023655838684223645
301.0	1117.19	21702.7	21026.606944490715	676.0930555092855	0.01861139906691014	-0.039722633319956804	0.009539521939019881	-0.04926215525897669	0.021574472624000886	9.629688100290296E-25	0.0026791445953538388	0.024253617219354727
302.0	1120.53	21675.1	21044.134086886985	630.9659131130138	0.017369145135972142	-0.039434064778487266	0.008812319407369767	-0.048246384185857034	0.022157543079377263	2.4344437550941047E-24	0.002717043863840382	0.024874586943217647
303.0	1123.86	21860.7	21061.453405766257	799.246594233744	0.022001553184047923	-0.03795043252535007	0.008087294128808424	-0.04603772665415849	0.022762391158538953	6.0878992093618215E-24	0.0027556339192284208	0.025518025077767372
304.0	1127.19	21815.6	21078.565140033483	737.0348599665158	0.020288996896630104	-0.03453132463380848	0.007362268850247031	-0.04189359348405551	0.023392035663186896	1.5101725268171546E-23	0.0027950499097753557	0.026187085572962253
305.0	1130.53	21877.3	21095.46952939285	781.8304706071503	0.02152212446580882	-0.033808410004681815	0.0066350663185969164	-0.04044347632327873	0.024049897825997903	3.726028065640865E-23	0.0028354377352402564	0.02688533556123816
306.0	1133.86	21912.4	21112.166814285574	800.2331857144272	0.02202871194217062	-0.02586310778888333	0.005910041040035572	-0.0317731488289189	0.0247335691997124	9.094472272311105E-23	0.002876580145539463	0.027610149345251862
307.0	1137.19	21743.7	21128.657235934705	615.0427640652961	0.016930814821950902	-0.03479541813916644	0.005185015761474178	-0.03998043390064061	0.025446637175712328	2.2019136697562684E-22	0.0029186221970090866	0.028365259372721413
308.0	1140.51	21811.8	21144.941036363514	666.858963636485	0.01835720422277623	-0.02506011457646032	0.0044621677360016055	-0.029522282312461925	0.026188623367996555	5.274448329840072E-22	0.0029614597941947708	0.029150083162191327
309.0	1143.84	21843.4	21161.018458210317	682.381541789684	0.018784507674871102	-0.02529492444736362	0.0037371424574402616	-0.029032066904803883	0.02696596463990097	1.2565887552689834E-21	0.00300537824519726	0.029971342885098232
310.0	1147.17	21869.8	21176.88974478027	692.9102552197292	0.019074340687813527	-0.02159365797913027	0.0030121171788788682	-0.024605775158009137	0.02777863516534805	2.969618765869271E-21	0.0030502782540323256	0.030828913419380377
311.0	1150.49	21959.6	21192.555140060904	767.0448599390947	0.02111510815592547	-0.015423263474770844	0.0022892691534062955	-0.01771253262817714	0.02862639926472296	6.9437452050113E-21	0.003096049792954815	0.03172244905767777
312.0	1153.82	21960.7	21208.014888732654	752.6851112673467	0.0207198149180307	-0.016101339136643394	0.0015642438748449518	-0.017665583011488347	0.029516979873655546	1.6147104232452677E-20	0.0031429990074519206	0.032659978881107464
313.0	1157.14	22054.6	21223.26923624299	831.3307637570069	0.022884761904891887	-0.00783696005261868	8.413958493723294E-4	-0.00867835590199101	0.03044791184559625	3.715370338348885E-20	0.0031908753574265074	0.033638787203022755
314.0	1160.46	21956.2	21238.318428792078	717.8815712079231	0.019761747729336983	-0.010222224103526908	1.1854782389975624E-4	-0.010340771927426664	0.031425001028471025	8.480510857427694E-20	0.0032398508102659345	0.03466485183873696
315.0	1163.78	22018.4	21253.1627134114	765.2372865886027	0.021065349518864223	-0.007950127576745864	-6.043002015728165E-4	-0.007345827375173048	0.0324518013341291	1.9202349213322024E-19	0.0032899591668929303	0.035741760501022034
316.0	1167.1	22051.0	21267.802337850317	783.1976621496833	0.021559760331451336	1.1627882037874501E-4	-0.0013271482270453897	0.0014434270474241347	0.033532277736452724	4.3131956302407924E-19	0.0033412355336255657	0.03687351327007829
317.0	1170.42	22055.8	21282.237550623424	773.5624493765754	0.021294523484905382	5.789223323275118E-4	-0.0020499962525180123	0.002628918584845524	0.034670862861109486	9.610730379340656E-19	0.0033937163829519334	0.03806457924406142
318.0	1173.73	22187.7	21296.468601028504	891.2313989714967	0.024533698567166137	0.009523920675489718	-0.0027706670249018138	0.012294587700391532	0.03586880063126976	2.11930641201844E-18	0.003447275896227904	0.03931607652749766
319.0	1177.05	22028.8	21310.495739136913	718.3042608630858	0.01977338347354347	0.009256821175986828	-0.0034935150503743865	0.012750336226361214	0.037138878760392825	4.647146696179062E-18	0.0035022769953519006	0.040641155755744736
320.0	1180.36	22122.1	21324.319215911244	797.7807840887544	0.021961202558727307	0.019322754624852792	-0.0042141858227581885	0.023536940447610982	0.038479645535676905	1.0085097727889954E-17	0.003558429046603386	0.0420380745822803
321.0	1183.67	22065.8	21337.939283032378	727.8607169676216	0.020036452317066713	0.01679356899042022	-0.004934856595142041	0.02172842558556226	0.039901757555993844	2.1712371531155195E-17	0.0036159379943041864	0.04351769555029805
322.0	1186.98	22105.4	21351.356192978972	754.0438070210294	0.020757216912735785	0.02112727743620613	-0.0056555273675258436	0.026782804803731974	0.041412992970334496	4.6373282091926743E-17	0.003674847764375516	0.04508784073471006
323.0	1190.29	22217.2	21364.570198957546	852.6298010424543	0.023471078950201365	0.021943417753523285	-0.006376198139909646	0.02831961589343293	0.043022065688151964	9.825662188317583E-17	0.0037352040685340562	0.04675726975668612
324.0	1193.6	22311.9	21377.58155492865	934.3184450713525	0.025719793000534792	0.031369469726959774	-0.007096868912293447	0.03846633863925322	0.044738724902238874	2.0653290085217525E-16	0.003797054491813365	0.048535779394052445
325.0	1196.91	22470.0	21390.390515705458	1079.6094842945422	0.029719345266002103	0.029713729565379387	-0.0078175396846773	0.03753126925005669	0.04657385820936048	4.306754170402535E-16	0.0038604485851120767	0.05043430679447299
326.0	1200.21	22443.2	21402.99733703547	1040.2026629645297	0.028634559567118058	0.036568242637254514	-0.00853603320397233	0.045104275841226844	0.048533448031692294	8.889878068399406E-16	0.003925239164698365	0.052458687196391546
327.0	1203.52	22636.7	21415.4022757458	1221.2977242542001	0.03361972015595111	0.038038770838469876	-0.009256703976356131	0.04729547481482601	0.050642814056542654	1.8244583731535E-15	0.003991872544112715	0.05463468660065719
328.0	1206.82	22817.9	21427.605589703748	1390.2944102962538	0.038271838291589595	0.04591706156388904	-0.009975197495651162	0.055892259059540206	0.05290403887786358	3.7066186914454895E-15	0.004060001790676496	0.05696404066854378
329.0	1210.12	22862.2	21439.607537997916	1422.592462002085	0.039160934732504996	0.05128486333924859	-0.010693691014946194	0.06197855435419478	0.055339592372174694	7.470956370233342E-15	0.004129883616007431	0.0594694759881896
330.0	1213.42	22974.7	21451.408381107205	1523.2916188927957	0.041932967634370336	0.05104197828821405	-0.011412184534241275	0.06245416282245533	0.05796741051264648	1.4939251037469874E-14	0.004201578418798156	0.06216898893145957
331.0	1216.72	23193.2	21463.008380933115	1730.1916190668853	0.04762848312414728	0.0562497117445369	-0.012130678053536306	0.0683803897980732	0.060807117794715246	2.963710551875333E-14	0.004275149211807041	0.06508226700655192
332.0	1220.02	23379.6	21474.407800900433	1905.1921990995652	0.052445875649316055	0.05847001690837234	-0.012849171572831337	0.07131918848120368	0.0638800844121167	5.833068598556235E-14	0.004350661758243052	0.06823074617041809
333.0	1223.32	23662.4	21485.606906164125	2176.793093835877	0.05992246869767924	0.07384905200003627	-0.013567665092126369	0.08741671709216264	0.06720946250475235	1.138971134355862E-13	0.004428184716488884	0.07163764722135513
334.0	1226.61	23765.4	21496.605963784335	2268.794036215666	0.06245505831564574	0.06936437832007045	-0.014283981358332629	0.08364835967840308	0.07080880393962055	2.2020018548850914E-13	0.00450754534657792	0.07531634928641867
335.0	1229.91	24163.3	21507.405242997997	2655.8947570020027	0.07311111510388785	0.07328037450911994	-0.015002474877627708	0.08828284938674764	0.07472663770890825	4.232065962171198E-13	0.004589300809065977	0.07931593851839742
336.0	1233.2	24195.6	21518.005015310842	2677.5949846891563	0.07370847606483456	0.08235817158081674	-0.01571879114383397	0.0980769627246507	0.07896746664092265	8.053735381068156E-13	0.004673033397396719	0.08364050003912474
337.0	1236.49	24681.2	21528.40555488451	3152.794445115491	0.08678970315673659	0.08975440019725173	-0.016435107410040232	0.10618950760729196	0.08357247068214037	1.5206087015670775E-12	0.004759068674578555	0.08833153935823952
338.0	1239.78	24928.4	21538.607138558233	3389.7928614417688	0.09331376381455751	0.0983552630895857	-0.017151423676246492	0.11550668676583219	0.08857291242629792	2.848477374084999E-12	0.004847491475838866	0.09342040390498525
339.0	1243.07	25119.8	21548.61004632403	3571.18995367597	0.09830723867077346	0.09541530382925593	-0.017867739942452752	0.11328304377170868	0.09400135200761504	5.29399180049402E-12	0.004938390561365358	0.09893974257427439
340.0	1246.36	25666.9	21558.414561563714	4108.485438436288	0.11309783680255071	0.10755015427828131	-0.018584056208659012	0.12613421048694032	0.09989142061581494	9.761778339539431E-12	0.0050318588351903485	0.10492327946076706
341.0	1249.65	25876.9	21568.020971230268	4308.879028769734	0.11861424471379192	0.1093612932662845	-0.01930037247486532	0.12866166574114982	0.10627754325849088	1.785869856566665E-11	0.005127993578376928	0.11140553685472651
342.0	1252.94	26439.1	21577.429566385163	4861.670433614836	0.13383141245792768	0.1280561133297309	-0.02001668874107158	0.14807280207080248	0.11319460882973968	3.2414987568637704E-11	0.00522689669757921	0.11842150555973388
343.0	1256.22	26649.8	21586.640642398746	5063.159357601253	0.1393779725672439	0.13121870186631712	-0.02073082775418907	0.1519495296205062	0.1206539487747864	5.82701022243958E-11	0.005328361165768649	0.12598230999882515
344.0	1259.5	26944.9	21595.65449950304	5349.24550049696	0.1472533135865867	0.13665536535146355	-0.02144496676730656	0.15810033211877011	0.12871006027370094	1.0393017914671161E-10	0.005432794297798254	0.13414285467542936
345.0	1262.78	27377.9	21604.471442993217	5773.428557006784	0.1589301679453098	0.15152220196349225	-0.02215910578042405	0.1736813077439163	0.1373963921763831	1.839219433470896E-10	0.0055403124468697855	0.14293670480717482
346.0	1266.07	27563.4	21613.091783513697	5950.308216486304	0.16379928751778164	0.15101443227785255	-0.02287542204663031	0.17388985432448287	0.14677454379326013	3.2349053525735056E-10	0.005651380302332668	0.15242592441908334
347.0	1269.34	27939.0	21621.515837482337	6317.484162517663	0.1739068577755655	0.167284700001425	-0.023587383806659028	0.19087208380808404	0.15678592320999912	5.626071089219447E-10	0.005765098179474206	0.16255102195208043
348.0	1272.62	28382.4	21629.743927267307	6752.656072732694	0.18588621182708823	0.17713292546253404	-0.024301522819776517	0.20143444828231055	0.16754652198108494	9.724897052986342E-10	0.005882628482408298	0.17342915143598295
349.0	1275.9	28852.6	21637.776381554264	7214.823618445735	0.19860869811643556	0.18473016082869378	-0.025015661832894057	0.20974582266158784	0.17905069385026884	1.6678645772590851E-9	0.0060037699931024865	0.1850544655112359
350.0	1279.17	29246.2	21645.613535781504	7600.586464218497	0.20922792606051727	0.20185465820282902	-0.025727623592922775	0.2275822817957518	0.1912794485186497	2.8335692363189442E-9	0.006128284670569645	0.19740773602278858
351.0	1282.45	29631.4	21653.255732602138	7978.144267397864	0.21962128669118358	0.2065707148061466	-0.026441762606040264	0.23301247741218686	0.2043218497181255	4.784228677752783E-9	0.0062570899692174775	0.21057894447157166
352.0	1285.72	30167.4	21660.703322269866	8506.696677730135	0.23417120664127253	0.22011584214134844	-0.027153724366068985	0.24726956650741744	0.21810623070590618	8.002174674088563E-9	0.006389563844988279	0.22449580255306914
353.0	1288.99	30570.1	21667.956663016525	8902.143336983474	0.24505700930566512	0.23109932069404585	-0.027865686126097702	0.25896500682014356	0.23267139245408106	1.3280695645562922E-8	0.006526264480162473	0.23919767021493918
354.0	1292.26	31161.0	21675.01612158065	9485.983878419349	0.2611288935227257	0.24590027062161351	-0.02857764788612642	0.27447791850773995	0.24800846423543907	2.1870077446726435E-8	0.006667372496721186	0.2546758586022377
355.0	1295.53	31263.0	21681.88207360293	9581.11792639707	0.26374773085190106	0.24526827040976829	-0.02928960964615514	0.2745578800559234	0.26409773081706023	3.5735224745035815E-8	0.006813078205726541	0.27091084475801147
356.0	1298.8	31989.2	21688.554904210014	10300.645095789987	0.28355477838764065	0.27320118428471923	-0.03000157140618386	0.3032027556909031	0.2809065809359084	5.793745504948118E-8	0.006963582233465478	0.28787022110682897
357.0	1302.07	32354.4	21695.035008109673	10659.364991890328	0.2934295716356424	0.28153562417312994	-0.030713533166212576	0.3122491573393425	0.29838711701004383	9.320495716658086E-8	0.007119096194966511	0.3055063064099675
358.0	1305.34	32980.1	21701.322790310325	11278.777209689673	0.31048066819467984	0.29850631267176836	-0.03142549492624129	0.32993180759800966	0.3164734096349422	1.487768323496668E-7	0.007279843418997764	0.32375340183077234
359.0	1308.6	33528.4	21707.418666479745	11820.981333520256	0.3254063906852531	0.31597552926787614	-0.03213527943318124	0.3481108087010574	0.33502083702569235	2.3531126502165635E-7	0.00744554283606084	0.34246661517301824
360.0	1311.86	33959.0	21713.323063564472	12245.676936435528	0.33709735435276794	0.3277552091290338	-0.03284506394012119	0.360600273069155	0.353973398314853	3.6930695842710963E-7	0.0076169247931990435	0.36159069241501046
361.0	1315.12	34650.0	21719.03642033204	12930.963579667961	0.355961833271006	0.3478626160251479	-0.033554848447061136	0.38141746447220903	0.373193149805978	5.751347701302655E-7	0.007794250218745797	0.38098797515949395
362.0	1318.39	35195.0	21724.559187795647	13470.440812204353	0.3708124902633099	0.3629189523129086	-0.0342668102070899	0.3971857625199985	0.39257066638061555	8.899462135990003E-7	0.007978367960128801	0.40054992428695796
363.0	1321.65	35744.6	21729.89182989946	14014.708170100537	0.38579500918486326	0.3785264823604244	-0.03497659471402985	0.4135030770744543	0.41178496798229697	1.3646155020651217E-6	0.008168444727377114	0.4199547773251761
364.0	1324.9	36248.7	21735.034824058104	14513.665175941893	0.3995302308045395	0.3927337704465117	-0.035684201967881024	0.4284179724143927	0.43060150723787777	2.0736726096333174E-6	0.008364728443292441	0.43896830935377984
365.0	1328.16	36952.7	21739.988661700914	15212.711338299083	0.4187734799221057	0.412432664292589	-0.03639398647482098	0.44882665076741	0.44886602807944836	3.1309185487858648E-6	0.008568753868558475	0.45743791286655566
366.0	1331.42	37766.9	21744.753848770877	16022.146151229124	0.441055493025676	0.435433483745473	-0.037103770981760924	0.47253725472723396	0.46621826991856924	4.690732954256718E-6	0.008780275093220855	0.4750032357447444
367.0	1334.67	38408.0	21749.330906423686	16658.669093576314	0.45857761131802205	0.4490149559091941	-0.0378113782356121	0.4868263341448062	0.48228480102830773	6.965044752149068E-6	0.008998975332151087	0.491290741405211
368.0	1337.92	39084.0	21753.720371837175	17330.279628162825	0.47706561614942017	0.4722074474046439	-0.038518985489463274	0.5107264328941071	0.49678310594131797	1.0262781264380668E-5	0.009225879478339298	0.5060192482009216
369.0	1341.18	39585.7	21757.922798847852	17827.777201152145	0.49076066269704194	0.48195477210845966	-0.03922876999640323	0.5211835421048628	0.5094113849544659	1.5023347939977421E-5	0.009462137762710291	0.5188885460651163
370.0	1344.43	40256.6	21761.938758622488	18494.66124137751	0.5091185572247978	0.5013944808857124	-0.0399363772502544	0.5413308581359668	0.5197714838355977	2.1797843110366107E-5	0.009706739647757886	0.529500021326466
371.0	1347.68	40738.9	21765.768840155633	18973.131159844368	0.5222898130475494	0.5116772507191302	-0.04064398450410558	0.5523212352232357	0.5276221789551558	3.1384721453926E-5	0.0099608620844009	0.5376144257610107
372.0	1350.93	40980.8	21769.4136509365	19211.3863490635	0.5288484699812155	0.5199477070341542	-0.04135159175795675	0.5612992987921109	0.5327365417630187	4.484158901681E-5	0.010225000804358262	0.5430063841563938
373.0	1354.17	41352.6	21772.873817427426	19579.726182572573	0.5389880795775789	0.5262420761330782	-0.042057021758719164	0.5682990978917973	0.5349584733698939	6.350973041781638E-5	0.010498821976430085	0.5455208050767417
374.0	1357.42	41260.6	21776.14998530212	19484.45001469788	0.5363653299909171	0.5165514975895021	-0.04276462901257034	0.5593161266020725	0.5342333523616211	8.935712484273383E-5	0.010784577332994014	0.5451072868194577
375.0	1360.67	40978.8	21779.24281981401	19199.55718018599	0.5285228382049161	0.512340934669761	-0.043472236266421514	0.5558131709361825	0.5305722071175695	1.2476020018439095E-4	0.011082038767473958	0.5417790060852278
376.0	1363.91	40593.6	21782.153005700977	18811.44699429902	0.5178389929966053	0.4900883008680778	-0.04417766626718392	0.5342659671352618	0.524110718303222	1.7268329117387142E-4	0.01139087460063293	0.5356742761950288
377.0	1367.15	40092.6	21784.881246900437	18307.71875309956	0.5039724294491157	0.4805028127357378	-0.04488309626794633	0.5253859090036841	0.5150318964982744	2.3719365410078172E-4	0.011712660647207941	0.5269817507995832
378.0	1370.39	39849.1	21787.428266161252	18061.671733838746	0.49719928006180647	0.4678885973180989	-0.04558852626870873	0.5134771235868076	0.5035900296700271	3.233212939157194E-4	0.01204812275599168	0.5159614737199345
379.0	1373.63	39053.8	21789.794804539997	17264.005195460006	0.4752412224436808	0.44479356040336004	-0.04629395626947114	0.4910875166728312	0.49008569002264984	4.373650189894853E-4	0.012398037719450174	0.5029210927610895
380.0	1376.87	38506.1	21791.981621154926	16714.118378845073	0.46010401181526484	0.4319488842701419	-0.04699938627023349	0.47894827054037536	0.47484639226261643	5.871273009971533E-4	0.01276323757168045	0.48819675713529403
381.0	1380.11	37758.9	21793.989492388297	15964.910507611705	0.43947991789510044	0.4099783183002384	-0.0477048162709959	0.45768313457123433	0.4582082910533043	7.821661191862505E-4	0.01314461431256585	0.4721350714850564
382.0	1383.34	37134.9	21795.819211336486	15339.080788663516	0.42225216122408554	0.3877065238084036	-0.048408069018669536	0.4361145928270731	0.44055651499566106	0.0010331779164783415	0.013541867743428122	0.45513156065556754
383.0	1386.58	36742.1	21797.47158706077	14944.62841293923	0.41139372906349275	0.37258684614641924	-0.04911349901943194	0.4217003451658512	0.4220910926237309	0.00135552982980732	0.013958482947898972	0.4374051054014372
384.0	1389.81	36033.3	21798.947443961482	14234.35255603852	0.39184135041879137	0.3478587629565651	-0.04981675176710558	0.3976755147236707	0.40320698080135386	0.0017634896099285348	0.014392985910004994	0.4193634563212874
385.0	1393.04	35537.0	21800.2476213836	13736.752378616398	0.37814347939008763	0.32695222148241077	-0.05052000451477921	0.37747222599719	0.38409677137703385	0.002276856694322792	0.014847812175751917	0.4012214402471086
386.0	1396.28	35016.6	21801.372972906447	13215.227027093551	0.3637869993736042	0.31132643837558815	-0.05122543451554162	0.3625518728911298	0.3649166129798927	0.002919615404945454	0.015325740707801145	0.3831619690926393
387.0	1399.51	34467.7	21802.32436584609	12665.375634153908	0.3486507638833765	0.2960612056831423	-0.05192868726321525	0.34798989294635757	0.3459675013959238	0.003712582808532779	0.015825193529350325	0.36550527773380687
388.0	1402.74	33995.6	21803.10268073381	12192.49731926619	0.33563343297493553	0.2814605532213525	-0.05263194001088889	0.3340924932322414	0.32734113654892477	0.004685172846915815	0.0163490894944507	0.3483753988902913
389.0	1405.96	33410.0	21803.70881076627	11606.291189233729	0.31949642915186743	0.2637424845820643	-0.05333301550547375	0.31707550008753804	0.3092156575424093	0.0058637644873648104	0.01689728179281701	0.33197670382259115
390.0	1409.19	33281.0	21804.14366133263	11476.85633866737	0.31593336392375065	0.252884662664096	-0.05403626825314739	0.3069209309172434	0.2915757237111449	0.007288432538038902	0.01747490041381337	0.31633905666299716
391.0	1412.41	32880.1	21804.40814942834	11075.69185057166	0.3048901616329094	0.2449727953494884	-0.05473734374773225	0.29971013909722066	0.27460559394271206	0.008984907259909415	0.018080231441659607	0.30167073264428107
392.0	1415.64	32495.9	21804.503203525703	10691.396796474299	0.29431133886145205	0.2338208963307209	-0.055440596495405885	0.2892614928261268	0.25825635183996704	0.01099966273065932	0.018719066312831375	0.28797508088345775
393.0	1418.86	32046.0	21804.429763172717	10241.570236827283	0.2819285735834098	0.2220896917100525	-0.0561416719899907	0.2782313637000432	0.24266946300677733	0.013356337627030005	0.019389651563076864	0.2754154521968842
394.0	1422.08	31779.8	21804.18877860876	9975.611221391238	0.2746072894326739	0.21254133796359714	-0.056842747484575566	0.2693840854481727	0.2278198205589641	0.01609588209886054	0.020096311466674423	0.26401201412449904
395.0	1425.3	31571.4	21803.78121031479	9767.61878968521	0.268881701634021	0.2019831318346015	-0.05754382297916043	0.2595269548137619	0.21372257170696102	0.01925136593907493	0.020841667457471093	0.25381560510350704
396.0	1428.52	31092.0	21803.208028747362	9288.791971252638	0.2557006211168212	0.1970614813130913	-0.058244898473745296	0.2553063797868366	0.200383236193867	0.022852182843428673	0.021628596283659453	0.24486401532095511
397.0	1431.74	30804.3	21802.470214130648	9001.829785869351	0.2478011645172294	0.18595909728674526	-0.05894597396833016	0.2449050712550754	0.1877992442792615	0.026922364812176802	0.022460266594005185	0.2371818756854435
398.0	1434.96	30633.4	21801.56875597761	8831.831244022393	0.24312146742919574	0.18248728670011038	-0.05964704946291502	0.2421343361630254	0.17596125181022734	0.031478794558364755	0.023340183476372258	0.23078022984496435
399.0	1438.17	30306.3	21800.50465280303	8505.79534719697	0.2341463949350921	0.17468300220509017	-0.06034594770441112	0.2350289499095013	0.1648876525197183	0.03651293442532046	0.02426926338045437	0.22566985032549314
400.0	1441.39	30203.8	21799.278911953512	8404.521088046487	0.2313585306952568	0.16921818428150226	-0.061047023198995985	0.23026520748049825	0.15448985929201503	0.04205334647249466	0.02525763728782929	0.22180084305233896
401.0	1444.6	30015.3	21797.892549281456	8217.407450718543	0.22620769155145254	0.16414290432445044	-0.06174592144049202	0.22588882576494246	0.14480917024468468	0.04805056358924913	0.026304027165844877	0.2191637609997787
402.0	1447.81	29774.0	21796.34658904377	7977.653410956231	0.21960777446081034	0.1647538772376087	-0.06244481968198811	0.22719869691959682	0.13578596883634397	0.05449242425409752	0.02741689743094487	0.21769529052138634
403.0	1451.02	29468.7	21794.642063714764	7674.057936285237	0.2112504389017968	0.15884920519323592	-0.06314371792348422	0.22199292311672014	0.12739168331378453	0.06133572331020313	0.02860249277872814	0.2173298994027158
404.0	1454.23	29542.0	21792.780013746396	7749.219986253604	0.21331948974509315	0.1590353383061684	-0.06384261616498031	0.22287795447114872	0.1195960059083742	0.06852208538437277	0.029867970552077315	0.2179860618448243
405.0	1457.44	29243.7	21790.76148726468	7452.93851273532	0.20516349303007408	0.15540334713112003	-0.0645415144064764	0.21994486153759643	0.11236743294315542	0.0759779149224521	0.031221587021464672	0.21956693488707218
406.0	1460.65	29222.0	21788.58754014485	7433.41245985515	0.2046259824619753	0.1513866452055518	-0.06524041264797249	0.21662705785352432	0.10567374988373009	0.08361494122963466	0.03267292279268119	0.22196161390604593
407.0	1463.85	29256.0	21786.259235715075	7469.740764284925	0.20562602316000825	0.154468994392161	-0.06593713363637976	0.22040612802854076	0.09950100566442577	0.09130735459927286	0.03422811024316337	0.22503647050686199
408.0	1467.06	29578.0	21783.777644736936	7794.222355263064	0.21455830893095287	0.15704464148322486	-0.06663603187787587	0.22368067336110073	0.0937783185350285	0.09899012490073283	0.035909920969147226	0.22867836440490855
409.0	1470.26	30081.1	21781.14384544174	8299.956154558258	0.22848008121304997	0.1569381190039565	-0.06733275286628318	0.22427087187023967	0.0885096137528459	0.10649362716843466	0.03772314114453284	0.23272638206581342
410.0	1473.47	30726.3	21778.358923855	8947.941076144998	0.2463177233345281	0.1611196751295384	-0.06803165110777928	0.22915132623731768	0.08363082693272682	0.11373636002399165	0.03969713480789816	0.23706432176461661
411.0	1476.67	31345.2	21775.42397430219	9569.77602569781	0.26343551252874114	0.16044064788361043	-0.0687283720961866	0.22916901997979702	0.07914231562685324	0.12054270915175375	0.04184072993177521	0.2415257547103822
412.0	1479.87	31729.1	21772.340100056717	9956.759899943281	0.2740883527810583	0.16344894595860562	-0.06942509308459388	0.2328740390431995	0.07499946432139852	0.12680680808330944	0.0441845863687929	0.24599085877350085
413.0	1483.07	31753.9	21769.108413961774	9984.791586038227	0.27486000528093263	0.1692903800732013	-0.07012181407300119	0.2394121941462025	0.07117478787938472	0.13240494161585992	0.046757717045379656	0.2503374465406243
414.0	1486.26	31786.4	21765.730038817295	10020.669961182706	0.2758476603858696	0.17004949925549975	-0.07081635780831975	0.24086585706381952	0.06765284438857984	0.13720892423665088	0.04958466689864147	0.2544464355238722
415.0	1489.46	31900.4	21762.20610740801	10138.193892591993	0.27908284342694195	0.16980616158245826	-0.07151307879672707	0.24131924037918534	0.06438707721055797	0.14114779831397622	0.0527223488508698	0.258257224375404
416.0	1492.65	32116.8	21758.537762539305	10358.262237460694	0.285140855345524	0.17279017931407664	-0.07220762253204563	0.24499780184612227	0.06137507515383188	0.1441128202725786	0.05619614646764088	0.26168404189405137
417.0	1495.85	32583.6	21754.726157154764	10828.873842845234	0.2980957885783956	0.17912844527108257	-0.0729043435204529	0.25203278879153546	0.05857661454746272	0.14605771156639286	0.06007953096355662	0.2647138570774122
418.0	1499.04	33286.0	21750.772454556227	11535.227545443773	0.3175401986848538	0.17995340920923789	-0.07359888725577145	0.2535522964650093	0.055989501363867565	0.1469275865608648	0.06440660680303728	0.2673236947277696
419.0	1502.23	34381.2	21746.677828874417	12634.52217112558	0.3478014338860675	0.18361758757822585	-0.07429343099109	0.25791101856931586	0.053586555835919376	0.14671091194697405	0.06925423470783634	0.2695517024907298
420.0	1505.42	35657.1	21742.443465775294	13914.656534224705	0.3830408011547577	0.19640987826671225	-0.07498797472640856	0.2713978529931208	0.05135116934928166	0.14541248859627404	0.07469500850502013	0.2714586664505758
421.0	1508.61	36940.7	21738.07056355933	15202.629436440668	0.41849594667825507	0.20265628652442175	-0.07568251846172705	0.2783388049861488	0.04926816320723065	0.14306098670374387	0.08080857114058822	0.27313772105156275
422.0	1511.8	37975.3	21733.56033444165	16241.739665558354	0.44710043387277276	0.20448522821411827	-0.0763770621970456	0.28086229041116384	0.04732371858472406	0.13970789328142927	0.08768114983516119	0.27471276170131453
423.0	1514.99	38736.8	21728.91400584001	17007.88599415999	0.46819080737840224	0.20477721364324847	-0.07707160593236416	0.28184881957561264	0.04550529832863926	0.13542563795882467	0.09540474898837362	0.2763356852758375
424.0	1518.17	39304.2	21724.132821413914	17580.067178586083	0.48394173437751126	0.21239170262291063	-0.07776397241459394	0.29015567503750456	0.043806735914774686	0.13032224776135065	0.10404719509914767	0.278176178775273
425.0	1521.36	39629.1	21719.218041830725	17909.881958169273	0.4930208314499755	0.22623688251686047	-0.07845851614991244	0.3046953986667729	0.04220714592818927	0.12447124656026312	0.11376215971532333	0.28044055220377573
426.0	1524.54	39393.0	21714.170945337886	17678.829054662114	0.48666043807261594	0.22019573368292877	-0.07915088263214222	0.299346616315071	0.040707412675233916	0.11802592057954273	0.1245885815989672	0.28332191485374386
427.0	1527.72	39629.9	21708.992828092712	17920.90717190729	0.4933243320568877	0.2292412531986449	-0.079843249114372	0.30908450231301693	0.03929417026616773	0.11109285497012443	0.1366532963802108	0.28704032161650295
428.0	1530.9	39448.4	21703.685003931354	17744.714996068647	0.48847413744199103	0.23598155382506125	-0.08053561559660179	0.316517169421663	0.03796006793210449	0.10379949314540883	0.15004993328627325	0.29180949436378656
429.0	1534.08	39612.0	21698.248804610877	17913.751195389123	0.493127343293865	0.23880453588071632	-0.08122798207883151	0.32003251795954785	0.03669851761436857	0.09627304574522333	0.16486425296019577	0.29783581631978767
430.0	1537.26	39777.0	21692.685579633064	18084.314420366936	0.4978225849034834	0.24517545512692573	-0.0819203485610613	0.327095803687987	0.03550361829793819	0.08863690112533859	0.18117014286165167	0.3053106622849284
431.0	1540.44	39891.8	21686.996696413455	18204.80330358655	0.5011393867408241	0.24961609273879254	-0.08261271504329107	0.33222880778208363	0.03437008509586349	0.0810074180821842	0.1990249094347755	0.3144024126128232
432.0	1543.61	40044.0	21681.183540451904	18362.816459548096	0.5054891517316907	0.2702224479749526	-0.08330290427243203	0.3535253522473846	0.033296485724380494	0.07351456483654506	0.21840003194245414	0.3252110825033797
433.0	1546.79	39808.2	21675.247515453073	18132.952484546924	0.49916148701898266	0.26994289481389266	-0.08399527075466182	0.3539381655685545	0.03227181239869663	0.06620555432801638	0.23942384759894267	0.3379012143256557
434.0	1549.96	39458.2	21669.190043484417	17789.00995651558	0.48969348317970146	0.26902736535104954	-0.08468545998380282	0.3537128253348524	0.03129872427236451	0.05920711882390326	0.2619329980054957	0.3524388411017635
435.0	1553.13	39403.0	21663.01256474635	17739.98743525365	0.48834399778114995	0.2746899803211661	-0.08537564921294384	0.3600656295341099	0.03037052448301173	0.05256224360324864	0.2859124435684684	0.3688452116547288
436.0	1556.3	39297.6	21656.71653722829	17640.883462771708	0.48561587690200836	0.28616024396461814	-0.08606583844208479	0.37222608240670296	0.02948415444559003	0.0463227492914228	0.31122289363530015	0.38702979737231297
437.0	1559.47	39265.7	21650.303436659637	17615.39656334036	0.48491427694852607	0.3011208676073449	-0.08675602767122581	0.3878768952785707	0.028636852155058387	0.04052613858720165	0.3376485099635806	0.4068115007058406
438.0	1562.64	39578.6	21643.77475641067	17934.82524358933	0.49370746686977407	0.3281780732229277	-0.08744621690036682	0.4156242901232945	0.02782611716647222	0.03519626580175112	0.36487846129000734	0.42790084425823066
439.0	1565.81	39857.2	21637.13200746706	18220.06799253294	0.5015595910533792	0.3435718494579765	-0.08813640612950778	0.43170825558748427	0.02704967964946645	0.0303443904501381	0.39248739523165815	0.4498814653312627
440.0	1568.98	40353.6	21630.376718749307	18723.22328125069	0.5154103824417015	0.3641000661273523	-0.08882659535864879	0.4529266614860011	0.026305473165902985	0.025970524011348344	0.4199180276777174	0.47219402485496875
441.0	1572.14	40980.9	21623.51043739799	19357.389562602013	0.5328676268858367	0.38157003174664894	-0.08951460733470103	0.47108463908134995	0.02559381688486502	0.02207657738465197	0.4463898000555346	0.49406019432505155
442.0	1575.31	41630.7	21616.5347292769	20014.165270723097	0.550947260601474	0.40540489647060846	-0.09020479656384199	0.49560969303445046	0.024908482770372	0.01862022822291932	0.4712374530196429	0.5147661640129343
443.0	1578.47	42120.1	21609.45117960722	20510.64882039278	0.5646143932509851	0.4157369775822121	-0.09089280853989422	0.5066297861221063	0.02425221748472945	0.01559936861962429	0.49336916886465837	0.5332207549690121
444.0	1581.63	42528.1	21602.26139362428	20925.838606375717	0.5760436820633256	0.4287478222664222	-0.09158082051594646	0.5203286427823687	0.023621365374867788	0.01297386981830469	0.5118880033186298	0.5484832385118024
445.0	1584.79	42658.4	21594.966997074087	21063.433002925914	0.5798313621802844	0.44257113337404524	-0.09226883249199865	0.5348399658660439	0.023014586636976732	0.010712048861145625	0.525859617318739	0.5595862528168614
446.0	1587.95	42767.1	21587.569636628465	21179.530363371534	0.5830272747669633	0.4574548524672246	-0.09295684446805089	0.5504116969352755	0.02243063954646025	0.008780435321226564	0.5345039542720029	0.5657150291396897
447.0	1591.11	42477.3	21580.07098002268	20897.229019977323	0.5752561212013099	0.4593040834555022	-0.09364485644410309	0.5529489398996053	0.021868370303961358	0.0071449640064980904	0.5373042195419274	0.5663175538523869
448.0	1594.27	42131.8	21572.47271617152	20559.327283828483	0.5659544074717839	0.4525026718844092	-0.09433286842015531	0.5468355403045645	0.021326704218361733	0.0057719762650898345	0.534087214722188	0.5611858952056396
449.0	1597.42	41918.2	21564.776554887005	20353.423445112992	0.5602863141811999	0.44928976086723094	-0.09501870314311879	0.5443084640103497	0.02080626023554866	0.004632311763951934	0.5250889534251072	0.5505275254246078
450.0	1600.58	41881.0	21556.98422654047	20324.01577345953	0.559476783735189	0.44494025353357036	-0.09570671511917098	0.5406469686527413	0.02030279784035452	0.003688189765347414	0.510788640183523	0.5347796277892249
451.0	1603.73	41364.1	21549.097481856686	19815.002518143312	0.5454647350270404	0.4315048142811191	-0.09639254984213444	0.5278973641232535	0.019818629787934115	0.002917409911827565	0.49206525044441	0.5148012901441716
452.0	1606.88	40683.4	21541.118091884437	19142.281908115565	0.5269461721875945	0.4094079275720096	-0.09707838456509792	0.5064863121371075	0.01935131571523328	0.0022910897859651515	0.46981310312524227	0.4914555086264407
453.0	1610.03	40193.8	21533.04784748751	18660.752152512494	0.5136906855780337	0.3975034955012251	-0.09776421928806134	0.49526771478928644	0.018900086176514157	0.0017862704897842314	0.44500099434819773	0.4656873510144961
454.0	1613.18	39191.3	21524.888558671966	17666.411441328037	0.48631860767614044	0.3726207236750214	-0.0984500540110248	0.4710707776860462	0.018464216535246616	0.0013826517163185357	0.41854809100161044	0.4383949592531756
455.0	1616.33	38524.0	21516.642054104625	17007.357945895375	0.4681762713365079	0.35444487312924566	-0.09913588873398822	0.45358076186323387	0.018043023492056078	0.001062524199099404	0.39126723952421727	0.41037278721537274
456.0	1619.48	37755.4	21508.310180118704	16247.089819881297	0.4472477122043019	0.32909366592902195	-0.09982172345695169	0.4289153893859736	0.017635861989903672	8.106349461363097E-4	0.3638377043745579	0.3822842013105979
457.0	1622.63	36821.0	21499.89480005478	15321.105199945221	0.42175733162574447	0.3125829936205368	-0.10050755817991515	0.41309055180045195	0.01724212244275732	6.140055170749733E-4	0.3368006995920105	0.35465682755184275
458.0	1625.77	35536.2	21491.39779350052	14044.802206499477	0.38662343378764646	0.2805830047665746	-0.1011912156497898	0.38177422041636444	0.016862417688426244	4.621443459197508E-4	0.31065099466970836	0.32797555670405437
459.0	1628.92	34315.3	21482.821055364704	12832.478944635299	0.3532507614302057	0.2514368480758058	-0.10187705037275327	0.3533138984485591	0.016493784739158638	3.450289057239065E-4	0.2855234307981285	0.302362244443011
460.0	1632.06	33152.3	21474.166494600915	11678.133505399088	0.32147409480772515	0.21555679885344436	-0.10256070784262791	0.3181175066960723	0.0161380503822878	2.559833030676516E-4	0.2617862641032569	0.27818029778861236
461.0	1635.2	31808.7	21465.436032995218	10343.263967004783	0.2847279849654871	0.1881225688523951	-0.10324436531250261	0.2913669341648977	0.01579353932147728	1.8855938705214027E-4	0.23949244658351368	0.2554745452920431
462.0	1638.34	30662.3	21456.63160401181	9205.668395988188	0.2534124064716498	0.15406935147051307	-0.10392802278237727	0.2579973742528903	0.01545979051256613	1.3790024510111133E-4	0.2187183194694402	0.23431601022710744
463.0	1641.48	29730.1	21447.755151458165	8282.344848541834	0.227995279540129	0.12627228338436544	-0.10461168025225195	0.2308839636366174	0.015136366177375684	1.0012955351623491E-4	0.19949441966960232	0.21473091540049424
464.0	1644.62	28652.8	21438.808628347408	7213.991371652592	0.19858578813819644	0.08948226078439574	-0.10529533772212661	0.19477759850652235	0.01482285038526558	7.218382348991025E-5	0.18181548973569564	0.19671052394445113
465.0	1647.76	28039.6	21429.793995975	6609.806004024998	0.18195385427099445	0.07040537854416683	-0.10597899519200131	0.17638437373616814	0.0145188477432336	5.166516805284611E-5	0.1656484838072084	0.18021899671849484
466.0	1650.89	27283.3	21420.713222850394	5862.586777149605	0.16138450348633016	0.05359467366497794	-0.10666047540878723	0.16025514907376517	0.014224907125115647	3.675476181864474E-5	0.15098363631593248	0.16524529820286676
467.0	1654.03	26631.4	21411.568284092846	5219.831715907156	0.14369082825985063	0.02939175683601307	-0.10734413287866187	0.13673588971467493	0.013938793369297927	2.5932371485976205E-5	0.1376570760668266	0.15162180180761048
468.0	1657.16	25933.8	21402.361160684188	4531.4388393158115	0.1247408413657998	0.008315305479931118	-0.10802561309544781	0.11634091857537893	0.013661990435598959	1.8186473619173043E-5	0.1256723606907258	0.13935253759994393
469.0	1660.29	25331.1	21393.093838826087	3938.006161173911	0.10840490609439771	-0.00979604399214884	-0.10870709331223369	0.09891104932008485	0.013393251864682756	1.2663535130304471E-5	0.11489610523223175	0.1283020206320448
470.0	1663.43	24808.3	21383.768309251653	3424.5316907483466	0.09427004965431514	-0.028743219198089323	-0.10939075078210837	0.08064753158401905	0.013131449534471819	8.74469235055824E-6	0.1052058996643585	0.11834609389118088
471.0	1666.56	24595.3	21374.386566631998	3220.9134333680013	0.08866487354056288	-0.03880971115463236	-0.11007223099889425	0.07126251984426189	0.012877958032888518	6.002628886336225E-6	0.09656828037879688	0.10945224104057173
472.0	1669.68	24475.1	21364.95060906278	3110.1493909372184	0.08561577581777884	-0.04011017039058344	-0.11075153396259141	0.07064136357200797	0.012632428444513025	4.0961471178341625E-6	0.08887960749476663	0.10151613208639748
473.0	1672.81	24477.2	21355.46243786057	3121.7375621394312	0.08593477344235523	-0.0558667555917893	-0.11143301417937729	0.055566258587587986	0.012393021605078677	2.7719335089040816E-6	0.08199905043827094	0.09439484397685852
474.0	1675.94	24585.0	21345.924057452077	3239.0759425479228	0.0891648486603329	-0.0647197921322938	-0.11211449439616322	0.04739470226386942	0.01216028186970488	1.8624742220247175E-6	0.07586492826980507	0.08802707261373197
475.0	1679.06	24776.1	21336.33747538574	3439.7625246142597	0.09468932200874983	-0.0698610703116602	-0.11279379735986032	0.04293272704820013	0.011934679781683983	1.2441263983085969E-6	0.07041117397453281	0.0823470978826151
476.0	1682.19	25130.8	21326.704702449068	3804.0952975509317	0.10471862577843664	-0.08079813056437608	-0.11347527757664624	0.03267714701227016	0.01171453805165881	8.241044713036168E-7	0.06552643295720216	0.07724179511333228
477.0	1685.31	25516.0	21317.027752869348	4198.972247130652	0.1155887455512486	-0.08525677760251094	-0.11415458054034336	0.028897802937832423	0.01150104335048396	5.427334434981431E-7	0.061172258450280376	0.07267384453420783
478.0	1688.43	25745.6	21307.308644677953	4438.291355322046	0.12217668990386724	-0.08779428646327281	-0.11483388350404052	0.027039597040767707	0.011293272809046831	3.549039822885418E-7	0.057269276510704514	0.06856290422373364
479.0	1691.55	25604.3	21297.54940010522	4306.750599894778	0.11855565360883301	-0.08135800208921133	-0.11551318646773762	0.034155184378526285	0.011091025719451567	2.3043855136774788E-7	0.053761189700146234	0.06485244585814917
480.0	1694.67	25166.2	21287.752045819787	3878.447954180214	0.10676539575031592	-0.09181147421979007	-0.11619248943143477	0.024381015211644708	0.010894110001501495	1.4856598120891582E-7	0.05059807513775248	0.061492333705235186
481.0	1697.79	24880.6	21277.918612797035	3602.6813872029634	0.09917413063451128	-0.09137500053970027	-0.11687179239513187	0.025496791855431605	0.010702341766167677	9.510505259833672E-8	0.047736047303001516	0.05843848417422179
482.0	1700.91	24951.6	21268.051135890782	3683.548864109216	0.10140023970629088	-0.09779459074206266	-0.11755109535882903	0.019756504616766368	0.010515544904365902	6.045159719382301E-8	0.04513682383252417	0.055652429188487264
483.0	1704.03	25053.6	21258.15165355752	3795.4483464424775	0.104480593666614	-0.10411467147496031	-0.11823039832252615	0.014115726847565832	0.010333550699384445	3.8153285722287896E-8	0.042767230895551026	0.053100819748221194
484.0	1707.14	25294.3	21248.222207937302	4046.077792062697	0.11137988747291208	-0.09148435866495758	-0.11890752403313452	0.027423165368176947	0.010156758654223878	2.3945918767123166E-8	0.040605335870038214	0.05076211847018086
485.0	1710.26	25254.3	21238.264844965623	4016.0351550343767	0.11055287778511812	-0.09887750296035731	-0.11958682699683162	0.02070932403647431	0.00998387723834745	1.4900659560091333E-8	0.038612763897044114	0.04859665603605112
486.0	1713.37	25120.0	21228.28161462406	3891.7183853759416	0.10713070240264888	-0.10014610978562144	-0.12026395270743996	0.02011784292181852	0.009815867025507309	9.220927065340393E-9	0.03678143774831799	0.046597313994752365
487.0	1716.48	24758.3	21218.274570910202	3540.0254290897974	0.0974493458125679	-0.10007268787653789	-0.12094107841804835	0.020868390541510462	0.00965202556047398	5.666088698754031E-9	0.035086939931803035	0.04473897115836571
488.0	1719.59	24317.9	21208.245771713362	3109.6542282866394	0.08560214504666255	-0.09947349461862742	-0.12161820412865669	0.022144709510029267	0.009492217268415634	3.4572583811924296E-9	0.033514103210763986	0.043006323936438
489.0	1722.7	23690.1	21198.19727846287	2491.902721537128	0.06859676431894661	-0.10548313589175497	-0.12229532983926507	0.0168121939475101	0.009336311992083925	2.0946911354852458E-9	0.032049964328776034	0.04138627841555109
490.0	1725.81	23116.9	21188.13115569771	1928.7688443022926	0.05309489038027847	-0.1088388463914337	-0.1229724555498734	0.014133609158439711	0.009184184736489383	1.2602242691171805E-9	0.030683420246638574	0.03986760624335223
491.0	1728.92	22685.6	21178.049470448757	1507.5505295512412	0.04149964903555279	-0.10732609997501544	-0.12364958126048178	0.016323481285466346	0.009035715427371822	7.528619883616638E-10	0.029404929859735744	0.03844064603996955
492.0	1732.02	22407.3	21167.95429167567	1239.3457083243302	0.034116542643839856	-0.11088774312933607	-0.12432452971800134	0.013436786588665275	0.00889124912735771	4.4735956843406587E-10	0.028209993011585333	0.03710124258630261
493.0	1735.12	22143.9	21157.84768984565	986.0523101543513	0.027143915908598232	-0.12053577245440696	-0.12499947817552093	0.0044637057211139725	0.008750192797464935	2.639717352848985E-10	0.027087286353320906	0.035837479414757574
494.0	1738.23	22001.9	21147.731736665246	854.1682633347555	0.02351342953410115	-0.11455211120328407	-0.1256766038861293	0.011124492682845238	0.008612001682411018	1.5440583256995638E-10	0.02602732560341905	0.0346393274402359
495.0	1741.33	21841.6	21137.608504827058	703.9914951729406	0.019379383576872716	-0.11432688966679663	-0.12635155234364887	0.012024662676852232	0.008477462599720662	8.984072788806096E-11	0.025031489393881036	0.03350895208344243
496.0	1744.43	21731.3	21127.48006787785	603.8199321221509	0.016621874207559586	-0.12247993174314756	-0.12702650080116848	0.004546569058020922	0.008346028183703455	5.1908939767611537E-11	0.024091474562006346	0.03243750279761874
497.0	1747.53	21687.3	21117.348500068354	569.9514999316452	0.015689548543020307	-0.11608261365406868	-0.12770144925868804	0.011618835604619362	0.00821760435873263	2.978313372319041E-11	0.02320302084084505	0.031420625229360816
498.0	1750.63	21513.8	21107.21587625314	406.5841237468594	0.011192393295065948	-0.12560606219988635	-0.12837639771620765	0.002770335516321304	0.008092100558307173	1.6969066847564593E-11	0.022362318072945513	0.03045441864822175
499.0	1753.73	21511.6	21097.08427185672	414.5157281432803	0.011410733438423063	-0.11693455810945026	-0.1290513461737272	0.012116788064276948	0.007969429570380859	9.600743475179086E-12	0.021565940024511426	0.02953536960449303
500.0	1756.83	21412.3	21086.955762710175	325.3442372898244	0.00895603258305804	-0.12478770141944866	-0.1297262946312468	0.00493859321179814	0.007849507390521702	5.3940020519425006E-12	0.020810790355354134	0.02866029775126984
501.0	1759.92	21405.8	21076.83242505911	328.9675749408889	0.009055775336557149	-0.12317475548791697	-0.13039906583567762	0.007224310347760651	0.007732627117254717	3.0150818330298424E-12	0.020096311466674423	0.027828938586944223
502.0	1763.01	21334.6	21066.71633547446	267.88366452553964	0.007374265633057702	-0.12667976384358154	-0.1310718370401084	0.0043920731965268744	0.007618320277222425	1.673655319778607E-12	0.019417465662978896	0.027035785941874977
503.0	1766.11	21367.9	21056.60957085611	311.2904291438899	0.008569161234976006	-0.1221590024382049	-0.131746785497628	0.009587783059423094	0.007506154532136982	9.2080970852464E-13	0.018769894976614108	0.026276049509671898
504.0	1769.2	21413.6	21046.51420837186	367.0857916281384	0.010105088499448541	-0.1263888786646832	-0.13241955670205882	0.006030678037375614	0.007396781519950922	5.040630634537012E-13	0.018155642945090842	0.025552424465545828
505.0	1772.29	21357.1	21036.432325500784	320.6676744992146	0.008827296789000906	-0.13342681840789286	-0.13309232790648962	-3.344905014032451E-4	0.007289766141621853	2.740178037967522E-13	0.017570610449564074	0.024860376591459944
506.0	1775.38	21522.0	21026.36600008903	495.6339999109696	0.013643746357553397	-0.13194585751895568	-0.13376509911092047	0.001819241591964782	0.007185041564229616	1.4792841693622556E-13	0.0170129931210087	0.024198034685386244
507.0	1778.47	21444.7	21016.31731030341	428.3826896965911	0.011792461298532142	-0.13386913534685788	-0.13443787031535126	5.68734968493384E-4	0.007082543290600182	7.930550954431318E-14	0.016481124515677403	0.02356366780635689
508.0	1781.56	21519.1	21006.28833480637	512.8116651936289	0.014116610826443048	-0.14108587860756433	-0.13511064151978205	-0.005975237087782276	0.006982209062694136	4.222153630241099E-14	0.015973462960877795	0.022955672023614152
509.0	1784.64	21590.3	20996.28115268873	594.0188473112685	0.016352071257776945	-0.13651171063477574	-0.1357812354711241	-7.304751636516282E-4	0.006884293336433694	2.236888104550432E-14	0.015490113973728395	0.022374407310184457
510.0	1787.73	21655.1	20986.297843554126	668.8021564458722	0.018410696174135224	-0.137447566042182	-0.1364540066755549	-9.935593666270948E-4	0.006788102397180943	1.1744716889815199E-14	0.015026617110480619	0.021814719507673306
511.0	1790.81	21664.7	20976.340487600206	688.3595123997948	0.018949068449055098	-0.1375246214003158	-0.13712460062689694	-4.0002077341885767E-4	0.006694203150595736	6.136771083835879E-15	0.0145847496433438	0.02127895279394567
512.0	1793.9	21682.3	20966.411165693426	715.8888343065737	0.01970689193485107	-0.13454149486022507	-0.1377973718313278	0.003255876971102717	0.006601931819082209	3.1776483596879177E-15	0.01416050015502221	0.020762431974107598
513.0	1796.98	21700.2	20956.511959388597	743.6880406114033	0.020472144762204568	-0.13638346642210997	-0.13846796578266982	0.0020844993605598494	0.006511833624013176	1.6375340903174207E-15	0.013755555764585745	0.020267389388600558
