	Raman shift	Intensity	Baseline	Corrected Intensity	intensity_norm	intensity_sub	linear_baseline	intensity_final	Curve 1	Curve 2	Curve 3	Fit Sum
296.0	1100.49	19797.9	19683.197728421972	114.70227157802947	0.00498457787153516	-0.06003370885243802	0.04327419025178278	-0.10330789910422081	0.031502090980995504	1.1343483573824891E-14	0.004751677447350787	0.03625376842835763
297.0	1103.83	19819.7	19702.78683156907	116.91316843093227	0.005080656069269275	-0.05493878077708176	0.042371622265819114	-0.09731040304290087	0.03231525911488836	1.8874419490785763E-14	0.004816770438169934	0.03713202955307717
298.0	1107.17	19863.2	19722.198638209473	141.00136179052788	0.006127448551524692	-0.05524426078673157	0.04146905427985539	-0.09671331506658695	0.033159827237274314	3.1270895234266785E-14	0.00488320772880325	0.038043034966108835
299.0	1110.51	20122.2	19741.433288345575	380.7667116544253	0.016546850371997344	-0.042533468437771275	0.04056648629389172	-0.083099954731663	0.03403740796568821	5.1587749301621156E-14	0.00495102652239855	0.03898843448813835
300.0	1113.85	20166.0	19760.490922120756	405.5090778792437	0.017622071023488537	-0.04375560814984186	0.03966391830792806	-0.08341952645776993	0.03494971788867246	8.474076912921072E-14	0.005020265315565049	0.03996998320432225
301.0	1117.19	20145.4	19779.371680059157	366.0283199408441	0.015906369061672487	-0.04242766332519446	0.03876135032196433	-0.08118901364715879	0.035898585924353965	1.3860464248224556E-13	0.005090963952608846	0.04098954987710142
302.0	1120.53	20293.3	19798.075703090446	495.22429690955323	0.021520794992648952	-0.03528241492181045	0.037858782336000665	-0.07314119725781112	0.0368859625755102	2.2573697823135966E-13	0.005163163682434825	0.04204912625817076
303.0	1123.86	20415.1	19816.603132510307	598.4968674896918	0.026008676208672865	-0.033943309500725126	0.03695891664939617	-0.07090222615012129	0.037910789716092824	3.655454080296378E-13	0.0052366840815049635	0.04314747379796333
304.0	1127.19	20399.7	19834.95411010965	564.7458898903496	0.024541971375631143	-0.030278350154807444	0.03605905096279161	-0.06633740111759906	0.03897817066766315	5.894278290096712E-13	0.005311782897010493	0.04428995356526308
305.0	1130.53	20497.7	19853.128778277878	644.5712217221226	0.028010913857436544	-0.02731962061305409	0.03515648297682795	-0.06247610358988204	0.040093875740554175	9.477316215753533E-13	0.005388738435053121	0.04548261417655503
306.0	1133.86	20577.7	19871.127279969136	706.5727200308647	0.030705292026412385	-0.017186527704641564	0.03425661729022345	-0.05144314499486502	0.04125375930072444	1.5152018034874483E-12	0.005467137061556248	0.046720896363795894
307.0	1137.19	20549.0	19888.949758782142	660.0502412178575	0.02868358037911928	-0.023042652581998054	0.033356751603618895	-0.05639940418561695	0.04246380723859185	2.412160848794562E-12	0.005547255496647825	0.048011062737651836
308.0	1140.51	20676.8	19906.59635902218	770.2036409778193	0.033470479464586415	-0.009946839334650133	0.03245958821637357	-0.0424064275510237	0.04372306139569127	3.8185161919327135E-12	0.005628895690628524	0.04935195709013831
309.0	1143.84	20711.4	19924.06722565458	787.3327743454211	0.03421485442741912	-0.009864577694815607	0.031559722529769074	-0.04142430022458468	0.04504224154005431	6.027501575176478E-12	0.0057126017505120495	0.05075484329659387
310.0	1147.17	20751.2	19941.362504414876	809.837495585125	0.03519283449662973	-0.005475164170314066	0.030659856843164517	-0.03613502101347858	0.04642102608992606	9.473941680899908E-12	0.0057981848338030575	0.05221921093320306
311.0	1150.49	20951.8	19958.482341825922	993.3176581740772	0.04316626994585186	0.006627898315155548	0.02976269345591919	-0.023134795140763643	0.04785865276523485	1.480789451112486E-11	0.005885435592402999	0.05374408837244574
312.0	1153.82	20957.2	19975.42688522042	981.7731147795821	0.042664582623103145	0.0058434285684290516	0.028862827769314696	-0.023019399200885644	0.04936774728483723	2.3077757034397385E-11	0.005974938030729944	0.05534268533864493
313.0	1157.14	20920.9	19992.19628292438	928.703717075623	0.04035836373300121	0.009636641775490642	0.027965664382069308	-0.018329022606578666	0.05094353892859686	3.5766315431301725E-11	0.006066214970112246	0.057009753934475424
314.0	1160.46	21009.4	20008.790684245567	1000.6093157544346	0.04348314104632641	0.01349916921346252	0.027068500994823982	-0.013569331781361462	0.05259512434096908	5.5197140144501025E-11	0.006159594702577202	0.05875471909874342
315.0	1163.78	21087.6	20025.21023942045	1062.38976057955	0.04616791296873231	0.01715243587312222	0.026171337607578657	-0.009018901734456436	0.054327605419354386	8.482438508230518E-11	0.006255142163648192	0.06058274766782696
316.0	1167.1	21205.9	20041.455099686107	1164.4449003138943	0.050602888703717486	0.029159407192644895	0.02527417422033333	0.0038852329723115635	0.05614657574488309	1.2980356847812526E-10	0.006352924808736174	0.06249950068342283
317.0	1170.42	21151.9	20057.525417342014	1094.374582657987	0.04755786657787865	0.02684226542530078	0.024377010833087947	0.0024652545922128344	0.05805818691690369	1.9779454626520325E-10	0.006453012731104262	0.0645111998458025
318.0	1173.73	21304.7	20073.421345852094	1231.2786541479072	0.0535072605688032	0.038497482677126785	0.02348254974520179	0.015014932931924994	0.06006301116588299	2.997512978894117E-10	0.006555166507910292	0.06661817797354458
319.0	1177.05	21239.7	20089.14303977464	1150.55696022536	0.049999365182394534	0.039482802884837895	0.022585386357956466	0.01689741652688143	0.06218065100446944	4.5291617131332973E-10	0.006660078937184774	0.06884073039457039
320.0	1180.36	21309.8	20104.69065489922	1205.10934510078	0.052370029745079386	0.04973158181120487	0.021690925270070313	0.028040656541134558	0.06440662487618147	6.806200181709196E-10	0.006767196275366983	0.07117382183216847
321.0	1183.67	21329.9	20120.06434816595	1209.8356518340515	0.052575419260323	0.04933253593367651	0.020796464182184095	0.028536071751492413	0.06675632921767562	1.0185079774243574E-9	0.006876912007946398	0.07363324224412998
322.0	1186.98	21519.7	20135.264277720064	1384.4357222799372	0.06016295554482448	0.06053301606829482	0.01990200309429794	0.040631012973996884	0.06924000128525905	1.517738592679859E-9	0.006989310634521439	0.07622931343751907
323.0	1190.29	21634.2	20150.29060291662	1483.909397083382	0.06448574943028149	0.06295808823360341	0.019007542006411783	0.04395054622719163	0.0718690770411206	2.2521761010228878E-9	0.007104480108250751	0.07897355940154745
324.0	1193.6	21655.8	20165.14348449511	1490.6565155048884	0.0647789566764657	0.07042863340289068	0.018113080918525627	0.052315552484365056	0.07465635168201004	3.32797871264605E-9	0.007222512006145663	0.08187886701613442
325.0	1196.91	21683.6	20179.823084678945	1503.7769153210538	0.06534912545943407	0.06534350975881136	0.017218619830639416	0.04812488992817194	0.07761615708293548	4.897016411516024E-9	0.007343501709211481	0.08495966368916338
326.0	1200.21	21867.6	20194.329567182176	1673.2704328178224	0.0727147479973305	0.08064843106746697	0.01632686104211243	0.06432157002535455	0.080754742672691	7.167321344009202E-9	0.007467169122202727	0.08822191896221508
327.0	1203.52	22096.6	20208.66309722263	1887.9369027773682	0.0820434362717646	0.08646248695428337	0.015432399954226274	0.07103008700005708	0.08410908557666297	1.0458251171150148E-8	0.007594367049582001	0.09170346308449613
328.0	1206.82	22155.0	20222.823841691406	1932.1761583085936	0.08396592665613441	0.09161114992843386	0.01454064116569929	0.07707050876273457	0.08767894881655446	1.5179119502482468E-8	0.007724434187222078	0.09540339818289603
329.0	1210.12	22450.0	20236.81196936754	2213.18803063246	0.09617776467079242	0.10830169327753601	0.013648882377172305	0.0946528109003637	0.09149650258327295	2.193905625632332E-8	0.007857861586179364	0.09935438610850857
330.0	1213.42	22487.1	20250.62765096224	2236.4723490377582	0.0971896234306939	0.10629863408453762	0.012757123588645256	0.09354151049589236	0.09558671877403546	3.1577166194775285E-8	0.007994765643604278	0.10358151599480594
331.0	1216.72	22680.7	20264.2710593999	2416.4289406001008	0.10500993624401364	0.11363116486440326	0.011865364800118273	0.10176580006428498	0.09997743070664504	4.525975653190261E-8	0.008135267824540101	0.10811274379094167
332.0	1220.02	22960.3	20277.74236984138	2682.557630158619	0.11657500081251805	0.12259914207157434	0.010973606011591287	0.11162553605998304	0.10469957850286202	6.46003875435348E-8	0.008279494928162948	0.1129791380314125
333.0	1223.32	23135.4	20291.04175986397	2844.3582401360327	0.12360631526687615	0.13753289856923318	0.010081847223064305	0.12745105134616888	0.10978744694920237	9.182097135857615E-8	0.008427579370427995	0.11821511814060172
334.0	1226.61	23481.1	20304.16940972751	3176.930590272488	0.13805879954960373	0.14496811955402844	0.009192790733896488	0.13577532882013196	0.11526159698107948	1.2983087700688479E-7	0.008579192456007826	0.12384091926796431
335.0	1229.91	23763.9	20317.1255025362	3446.774497463801	0.1497853150758406	0.1499545744810727	0.008301031945369443	0.14165354253570325	0.12119681361285967	1.8300289182102675E-7	0.008735400039345465	0.12993239665509695
336.0	1233.2	24009.7	20329.91022457117	3679.7897754288315	0.15991138130186106	0.16856107681784321	0.00741197545620163	0.1611491013616416	0.1276023654525632	2.566127631970123E-7	0.008895405541269098	0.13649802760659552
337.0	1236.49	24334.9	20342.523765560323	3992.3762344396782	0.17349534546482925	0.1764600425053444	0.006522918967033813	0.16993712353831059	0.13454467929480166	3.5833843574121223E-7	0.009059832605264708	0.1436048702385021
338.0	1239.78	24668.6	20354.96631891135	4313.63368108865	0.1874561218086787	0.1924976210837069	0.005633862477866	0.18686375860584092	0.14207696152136756	4.983143268907766E-7	0.009228845076013152	0.1513063049117076
339.0	1243.07	24980.4	20367.238082024312	4613.161917975689	0.2004726192236528	0.19758068438213527	0.004744805988698184	0.19283587839343708	0.15025649133383606	6.900939078249355E-7	0.009402614430351206	0.1596597958580951
340.0	1246.36	25283.7	20379.339256612922	4904.360743387078	0.21312714821765985	0.20757946569339045	0.0038557494995303705	0.20372371619386007	0.1591445473571021	9.517170571318743E-7	0.009581320206267476	0.1687268192804267
341.0	1249.65	25758.8	20391.27004900404	5367.529950995959	0.23325493602222078	0.22400198457471335	0.002966693010362495	0.22103529156435087	0.16880624799368615	1.3070805503645299E-6	0.009765150460183869	0.1785727055344204
342.0	1252.94	26027.3	20403.03067042889	5624.269329571111	0.2444119724748669	0.23863667334667013	0.002077636521194682	0.23655903682547544	0.17931029486483424	1.7876878617637348E-6	0.009954302254665415	0.18926638480736144
343.0	1256.22	26358.7	20414.621337486213	5944.078662513788	0.25830981863052954	0.25015054792960273	0.001191282331386035	0.24895926559821668	0.19069244269323718	2.4326002694500534E-6	0.010148381854828005	0.20084325714833462
344.0	1259.5	26676.0	20426.04227239902	6249.95772760098	0.2716023018413985	0.26100435360627533	3.049281415773916E-4	0.26069942546469793	0.20305728226560624	3.296519175723923E-6	0.010348170710813736	0.21340874949559568
345.0	1262.78	27060.7	20437.293703334395	6623.406296665606	0.2878311301628121	0.2804231641809945	-5.814260482312518E-4	0.28100459022922575	0.21648088948752817	4.448834591356465E-6	0.010553894053390682	0.2270392323755102
346.0	1266.07	27526.3	20448.375864709382	7077.924135290617	0.3075829583477229	0.29479810310779386	-0.0014704825373990649	0.29626858564519293	0.23108690200755388	5.984548862753667E-6	0.010766443988200458	0.24185933054461708
347.0	1269.34	27960.0	20459.288997564425	7500.711002435575	0.3259558644231951	0.3193337066490546	-0.002354134427848542	0.3216878410769031	0.24681458202238005	8.002855106227879E-6	0.010984101640097142	0.2578066865175834
348.0	1272.62	28254.0	20470.03335001789	7783.9666499821105	0.3382652094197964	0.3295119230552422	-0.003240488617657182	0.3327524116728994	0.26387979284485424	1.066726284762363E-5	0.011209094916789309	0.2750995550244911
349.0	1275.9	28835.1	20480.609177688846	8354.490822311152	0.3630582856635625	0.3491797483758207	-0.004126842807465891	0.3533065911832866	0.282311628375	1.4160116801799906E-5	0.01144104222668474	0.2937668307184865
350.0	1279.17	29179.9	20491.016743980326	8688.883256019675	0.37758986470328887	0.3702165968456006	-0.005010494697915362	0.37522709154351597	0.30211904109020776	1.8703359701942748E-5	0.011679491278112996	0.3138172357280227
351.0	1282.45	29556.0	20501.256320649863	9054.743679350137	0.39348893753867653	0.3804383656536396	-0.0058968488877240086	0.3863352145413636	0.32348939537600074	2.4623542244607066E-5	0.011926202956568589	0.3354402218748139
352.0	1285.72	30082.7	20511.328188143856	9571.371811856145	0.4159398717849974	0.4018845072850733	-0.006780500778173486	0.4086650080632468	0.3463506770820782	3.2257544612839E-5	0.012179990009034658	0.35856292463572564
353.0	1288.99	30544.2	20521.23263596344	10022.967364036562	0.435564707154983	0.42160701854336374	-0.007664152668622956	0.4292711712119867	0.3708134222728563	4.208514273589864E-5	0.0124419260565085	0.3832974334721007
354.0	1292.26	31017.1	20530.96996318112	10486.130036818879	0.45569221097779333	0.4404635880766811	-0.008547804559072433	0.44901139263575357	0.39691144095810077	5.468182776253215E-5	0.012712362017690295	0.40967848480355357
355.0	1295.53	31507.6	20540.540478892366	10967.059521107632	0.4765918011269192	0.4581123406847864	-0.009431456449521904	0.4675437971343083	0.42466036146789066	7.075774128804684E-5	0.012991667808242444	0.4377227870174212
356.0	1298.8	32045.0	20549.944502678773	11495.055497321227	0.4995367439173809	0.4891831498144595	-0.01031510833997138	0.4994982581544309	0.45405231909329996	9.118462568947187E-5	0.013280233581653518	0.46742373730064296
357.0	1302.07	32478.0	20559.182365088986	11918.817634911014	0.5179520319911446	0.5060580845286321	-0.011198760230420851	0.517256844759053	0.4850494280350222	1.1702698022465072E-4	0.013578471065159196	0.49874492608040605
358.0	1305.34	33065.0	20568.25440816671	12496.745591833289	0.5430668520011093	0.5310924964781978	-0.012082412120870328	0.5431749085990681	0.5175758678049568	1.4957778501132845E-4	0.013886814999083369	0.5316122605890515
359.0	1308.6	33605.8	20577.160985874456	13028.639014125547	0.566181164789322	0.556750303371945	-0.012963361711960629	0.5697136650839056	0.5514027497181293	1.9025985130265662E-4	0.01420473283788397	0.5657977424073158
360.0	1311.86	34192.1	20585.902464671464	13606.197535328534	0.5912799303560226	0.5819377851322883	-0.013844311303050937	0.5957820964353393	0.5864477692050375	2.4102096374498905E-4	0.014533632957370337	0.6012224231261528
361.0	1315.12	34778.2	20594.47922404561	14183.720775954385	0.6163771627465996	0.6082779455007414	-0.014725260894141237	0.6230032063948827	0.6224623589688868	3.040815671816819E-4	0.01487402412020531	0.6376404646562738
362.0	1318.39	35512.3	20602.891657090964	14909.408342909039	0.6479131222191165	0.6400195842687152	-0.01560891278459077	0.655628497053306	0.6592299067996666	3.823441374534061E-4	0.015227544842883946	0.674839795780004
363.0	1321.65	36357.3	20611.14017108529	15746.159828914711	0.6842755489063743	0.6770070220819354	-0.016489862375681077	0.6934968844576165	0.6961025857988642	4.784532355618778E-4	0.015592604522743655	0.7121736435571697
364.0	1324.9	37016.3	20619.225188215758	16397.074811784245	0.7125621414491817	0.705765681091154	-0.01736810966741221	0.7231337907585662	0.7325586390871754	5.958838106601268E-4	0.015969688532266355	0.7491242114301019
365.0	1328.16	37764.6	20627.147146415682	17137.452853584316	0.7447364999248691	0.7383956842953525	-0.018249059258502516	0.756644743553855	0.7681987658734468	7.396177148675487E-4	0.016361756261017615	0.785300139849332
366.0	1331.42	38692.0	20634.906500015462	18057.093499984538	0.784701012856877	0.779079003576674	-0.019130008849592817	0.7982090124262669	0.8021874419833739	9.142829759239286E-4	0.016768347516534752	0.8198700724758325
367.0	1334.67	39619.9	20642.503720482942	18977.39627951706	0.8246942998847582	0.8151316444759302	-0.020008256141323955	0.8351399006172542	0.8336294243704577	0.0011248828243845283	0.017188865656263652	0.8519431728511059
368.0	1337.92	40447.8	20649.939297343062	19797.86070265694	0.8603489451825438	0.8554907764377675	-0.020886503433055086	0.8763772798708226	0.8617866881021446	0.0013783909260656807	0.017625294668216995	0.8807903736964273
369.0	1341.18	41251.2	20657.21373909817	20593.986260901827	0.8949459046498326	0.8861400140612503	-0.021767453024145386	0.9079074670853957	0.8858755035216211	0.0016832144049448695	0.018079862683179463	0.9056385806097456
370.0	1344.43	42087.3	20664.32757404846	21422.972425951542	0.9309708764072977	0.9232468000682122	-0.022645700315876524	0.9458925003840888	0.9049464547412974	0.002045860765050187	0.018550641842341772	0.9255429573486894
371.0	1347.68	42599.4	20671.28135108811	21928.11864891189	0.9529228451888822	0.9423102828604629	-0.023523947607607655	0.9658342304680706	0.9183940561158038	0.0024765732372994146	0.01903991457749592	0.9399105439305991
372.0	1350.93	43097.9	20678.07564053425	22419.82435946575	0.9742907341627889	0.9653899712157276	-0.024402194899338786	0.9897921661150664	0.9257062100708977	0.0029858277133586186	0.01954865482280928	0.9482406926070657
373.0	1354.17	43221.7	20684.711034632124	22536.988965367873	0.9793823168653124	0.9666363134208117	-0.025277739891710754	0.9919140533125225	0.9266016188552161	0.0035832327198816022	0.020076239938542465	0.9502610915136401
374.0	1357.42	42936.7	20691.1881480468	22245.511851953197	0.9667156944035474	0.9469018620021324	-0.026155987183441885	0.9730578491855744	0.9210499660590545	0.0042851984505973	0.020627031622032607	0.9459621961316844
375.0	1360.67	42694.4	20697.507617980333	21996.89238201967	0.9559115220779766	0.9397296185428216	-0.027034234475173016	0.9667638530179946	0.9092588985018235	0.005103937300383537	0.021200616526048568	0.9355634523282556
376.0	1363.91	42103.9	20703.670103880348	21400.229896119654	0.9299825619704241	0.9022318698418966	-0.027909779467544985	0.9301416493094417	0.8917451792533686	0.00605135549576634	0.021796381733469757	0.9195929164826047
377.0	1367.15	41382.7	20709.676287191345	20673.023712808652	0.8983806084998716	0.8749109917864937	-0.028785324459916946	0.9036963162464107	0.8691195458926368	0.007145774288719836	0.02241739624989566	0.8986827164312524
378.0	1370.39	40514.1	20715.526870758047	19798.57312924195	0.8603799048640033	0.8310692221202957	-0.029660869452288907	0.8607300915725846	0.8421489125625895	0.008404177421537182	0.02306509405495711	0.8736181840390839
379.0	1373.63	39518.8	20721.2225780982	18797.577421901802	0.8168799725290528	0.786432310488732	-0.03053641444466087	0.8169687249333928	0.8116675505313741	0.009844426510365994	0.023741011383722213	0.8452529884254623
380.0	1376.87	38670.6	20726.76415252813	17943.83584747187	0.7797792133080981	0.7516240857629751	-0.031411959437032774	0.7830360452000079	0.7785195135965289	0.011485103708936774	0.024446795509403558	0.8144514128148692
381.0	1380.11	37911.7	20732.152356161714	17179.547643838283	0.7465657990060481	0.7170641994111862	-0.032287504429404736	0.7493517038405909	0.7435114767266047	0.013345311396149539	0.02518421440854355	0.7820410025312978
382.0	1383.34	37284.2	20737.38796905668	16546.812030943318	0.7190692212035508	0.6845235837878688	-0.033160347122417534	0.7176839309102864	0.7074915075972191	0.015437560586210014	0.025952734282281134	0.7488818024657103
383.0	1386.58	36651.0	20742.471788450282	15908.528211549718	0.6913315368653297	0.6525246539482561	-0.03403589211478949	0.6865605460630456	0.6708791411072239	0.017794117377899148	0.026759150712989295	0.7154324091981124
384.0	1389.81	35937.7	20747.404628126584	15190.295371873413	0.660119534958071	0.6161369474958447	-0.03490873480780229	0.651045682303647	0.634441201549373	0.02041931597032461	0.02760066914989066	0.6824611866695883
385.0	1393.04	35202.1	20752.187317778164	14449.912682221835	0.6279449745022706	0.5767537165945937	-0.03578157750081507	0.6125352940954089	0.5985061820647772	0.023338127547696205	0.028482068957179023	0.6503263785696524
386.0	1396.28	34725.0	20756.820702287896	13968.179297712104	0.6070104495327853	0.5545498885347693	-0.03665712249318704	0.5912070110279564	0.5633163857921177	0.026578010248700448	0.02940880902684937	0.6193032050676676
387.0	1399.51	34139.1	20761.305640988572	13377.794359011426	0.5813542906734283	0.528764732473194	-0.03752996518619984	0.5662946976593939	0.5293570196653951	0.030134366050186264	0.030377907551645628	0.5898692932672269
388.0	1402.74	33674.8	20765.643007181152	12909.156992818851	0.5609888749483445	0.5068159951947615	-0.03840280787921262	0.5452188030739741	0.49671461902011554	0.034029983257336596	0.03139511047492793	0.5621397127523801
389.0	1405.96	33352.0	20769.83368754438	12582.166312455622	0.546778951403561	0.49102500683375794	-0.03927294827286625	0.5302979551066241	0.4656208212099105	0.03826186171387793	0.032460221719225635	0.5363429046430142
390.0	1409.19	32766.7	20773.87858166615	11992.82141833385	0.5211679894101605	0.45811928815050584	-0.04014579096587904	0.4982650791163849	0.43597112155375317	0.042863864420820984	0.03358330794137664	0.5124182939159507
391.0	1412.41	32423.6	20777.77860171654	11645.821398283457	0.5060885267493989	0.4461711604659779	-0.041015931359532666	0.48718709182551057	0.40799836845734766	0.04781145832812014	0.034761141740817514	0.4905709685262853
392.0	1415.64	32076.4	20781.53467185844	11294.86532814156	0.4908371473560955	0.43034670482536436	-0.041888774052545465	0.47223547887790984	0.38154704853039695	0.0531352544096999	0.036005101538903656	0.4706874044790005
393.0	1418.86	31722.2	20785.14772790057	10937.05227209943	0.47528778624269624	0.41544890436933896	-0.042758914446199024	0.45820781881553796	0.3567745729731608	0.05879761876370066	0.03731188274113588	0.45288407447799733
394.0	1422.08	31402.3	20788.618716946505	10613.681283053495	0.46123516240081974	0.399169210931743	-0.04362905483985264	0.44279826577159564	0.33357111391189787	0.06480485594746815	0.038690012201666374	0.4370659820610324
395.0	1425.3	31174.3	20791.948597036866	10382.351402963133	0.45118233794094076	0.3842837681415213	-0.04449919523350627	0.4287829633750276	0.31189652204395285	0.07114202109539489	0.040144692358074476	0.4231832354974222
396.0	1428.52	30856.8	20795.138336825938	10061.661663174062	0.4372462322423405	0.3786070924386106	-0.04536933562715988	0.4239764280657705	0.2916994675167582	0.07778855182060714	0.041681599740769154	0.41116961907813443
397.0	1431.74	30643.6	20798.188915350358	9845.41108464964	0.4278487038970869	0.36600663666660277	-0.04623947602081351	0.4122461126874163	0.2729202930204183	0.08471806184845813	0.04330693667485847	0.4009452915437349
398.0	1434.96	30211.6	20801.10132170843	9410.49867829157	0.40894886235982664	0.34831468163074125	-0.04710961641446713	0.3954242980452084	0.2554933365877576	0.0918982359016664	0.04502748951744142	0.3924190620068654
399.0	1438.17	30124.0	20803.876554843842	9320.123445156158	0.4050214563806421	0.3455580636506402	-0.04797705450876159	0.3935351181594018	0.2393970635186133	0.09926759456889275	0.04684486512528005	0.3855095232127861
400.0	1441.39	29822.4	20806.51562311078	9015.884376889222	0.3918002419576287	0.32965989554387415	-0.0488471949024152	0.37850709044628933	0.22445908808883788	0.10682814991088477	0.048778524481213933	0.3800657624809366
401.0	1444.6	29710.4	20809.019544183553	8901.380455816448	0.38682428373700106	0.32475949650999897	-0.049714632996709605	0.37447412950670855	0.21069918663358345	0.1144837377346069	0.05082536251358841	0.3760082868817788
402.0	1447.81	29493.9	20811.389344752362	8682.510655247639	0.37731293274409217	0.32245903552089056	-0.05058207109100405	0.3730411066118946	0.1979961938790444	0.12220344646170724	0.05300098375432833	0.37320062409508
403.0	1451.02	29396.9	20813.626060408773	8583.273939591229	0.3730004363122471	0.32059920260368624	-0.05144950918529851	0.37204871178898474	0.1862779542496628	0.1299285733832585	0.05531616184480376	0.3715226894777251
404.0	1454.23	29244.2	20815.730735426856	8428.469264573145	0.3662731418403115	0.3119889904013867	-0.052316947279592955	0.3643059376809797	0.17547384589297843	0.137596518950983	0.05778278987759043	0.3708531547215519
405.0	1457.44	29208.9	20817.70442266395	8391.195577336053	0.36465335180445213	0.3148932059054981	-0.053184385373887415	0.3680775912793855	0.1655153983471883	0.14514155949019897	0.06041401833352396	0.37107097617091117
406.0	1460.65	29181.9	20819.54818340585	8362.351816594153	0.36339989823681185	0.31016056098038836	-0.05405182346818186	0.36421238444857024	0.1563367905487661	0.15249573050119958	0.06322441244431005	0.3720569334942757
407.0	1463.85	29165.9	20821.263087329553	8344.636912670449	0.36263006764078565	0.3114730388729384	-0.05491655926311708	0.3663895981360555	0.14790054912698208	0.15956818140234297	0.06622044702702333	0.3736891775563484
408.0	1467.06	29157.4	20822.850212474412	8334.54978752559	0.36219171485062085	0.30467804740289284	-0.05578399735741154	0.36046204476030436	0.1400946434078168	0.16633386193763483	0.06943875776308518	0.3758672631085368
409.0	1470.26	29554.1	20824.31064522441	8729.789354775588	0.3793675072195563	0.30782554501046283	-0.056648733152346815	0.36447427816280964	0.1329121505424566	0.172682547903509	0.07287914759662333	0.37847384604258894
410.0	1473.47	29901.4	20825.645480298084	9075.754519701917	0.3944019985307476	0.3092039503257579	-0.057516171246641275	0.3667201215723992	0.12625602442621567	0.1785875995019797	0.07658535250424085	0.38142897643243623
411.0	1476.67	30440.2	20826.855821143756	9613.344178856245	0.41776385076018563	0.3147689861150549	-0.05838090704157655	0.37314989315663144	0.12011946334090007	0.18394934374190203	0.08055901614885998	0.38462782323166206
412.0	1479.87	30590.9	20827.942780285503	9762.957219714499	0.42426553414008117	0.3136261273176285	-0.05924564283651177	0.3728717701541403	0.11443639861888052	0.1887284778873518	0.08483888651180738	0.38800376301803974
413.0	1483.07	30511.6	20828.90747986075	9682.692520139248	0.4207774982026582	0.31520787299492686	-0.06011037863144706	0.37531825162637394	0.10916589311654677	0.1928718664574814	0.08945591520163129	0.39149367477565944
414.0	1486.26	30559.2	20829.75105176987	9729.448948230132	0.422809376504696	0.3170112153743262	-0.060972412127023166	0.37798362750134934	0.10428521718309906	0.19632296485550596	0.09442865123941674	0.39503683327802175
415.0	1489.46	30562.8	20830.474637595922	9732.325362404077	0.42293437586385046	0.3136576940193668	-0.06183714792195844	0.3754948419413252	0.09972968597449428	0.19906384558941406	0.0998272634672344	0.3986207950311427
416.0	1492.65	30923.1	20831.07938865142	10092.02061134858	0.43856553079843613	0.32621485476698875	-0.06269918141753456	0.3889140361845233	0.09549694075664385	0.20104584726695862	0.10566175737354713	0.40220454539714956
417.0	1495.85	31205.8	20831.56646598117	10374.23353401883	0.450829562452303	0.33186221914499	-0.06356391721246979	0.39542613635745977	0.09153241832360481	0.20225824384565874	0.11201828633958666	0.4058089485088502
418.0	1499.04	31724.9	20831.93704072201	10892.962959277993	0.4733718118680177	0.3357850223924018	-0.06442595070804588	0.40021097310044773	0.08783570762782426	0.20267932330915145	0.11891291543504849	0.40942794637202423
419.0	1502.23	32383.3	20832.192294384982	11551.107705615017	0.5019725857997436	0.3377887394919019	-0.065287984203622	0.40307672369552394	0.08437137527976334	0.2023091695624983	0.1264276733425072	0.41310821818476884
420.0	1505.42	33303.4	20832.333419374092	12471.06658062591	0.5419509278849932	0.35532000499694777	-0.06615001769919812	0.42147002269614586	0.08111909476191671	0.20115211225375298	0.1346339031599788	0.4169051101756485
421.0	1508.61	34231.6	20832.36161964445	13399.23838035555	0.5822861762655626	0.36644651611172924	-0.06701205119477416	0.4334585673065034	0.07806062737164042	0.1992216512910037	0.14361249784158656	0.4208947765042307
422.0	1511.8	34878.9	20832.278111622232	14046.62188837777	0.6104193026988011	0.3678040970401466	-0.06787408469035028	0.4356781817304969	0.0751796244496905	0.19654019466768538	0.15345523020350763	0.42517504932088346
423.0	1514.99	35505.2	20832.084125132853	14673.115874867144	0.6376446402509035	0.37423104651574973	-0.0687361181859264	0.44296716470167613	0.07246143911227239	0.1931386255281327	0.16426622760450463	0.4298662922449097
424.0	1518.17	35729.7	20831.780904048337	14897.91909595166	0.6474138378949573	0.3758638061403567	-0.06959544938214332	0.4454592555225	0.06990077974946143	0.18906952785300707	0.1761244494251082	0.4350947570275767
425.0	1521.36	36092.9	20831.36970691382	15261.53029308618	0.6632151668672974	0.3964312179341824	-0.07045748287771939	0.4668887008119018	0.06746980908434116	0.18435309394937296	0.18923784761708753	0.44106075065080164
426.0	1524.54	36011.7	20830.851807172363	15180.848192827634	0.6597089920893712	0.393244287699684	-0.07131681407393634	0.4645611017736203	0.0651732849686827	0.17907072574155788	0.20367425644035336	0.44791826715059396
427.0	1527.72	36252.8	20830.228493528542	15422.57150647146	0.6702134804804621	0.40613040162221936	-0.07217614527015326	0.4783065468923726	0.06299398253711137	0.17326557669153206	0.21964125336442278	0.45590081259306625
428.0	1530.9	36322.2	20829.501069867787	15492.69893013221	0.673260984242664	0.42076840062573423	-0.07303547646637021	0.49380387709210444	0.06092344488879663	0.16699886314357068	0.2373273430688203	0.4652496511011876
429.0	1534.08	36589.1	20828.6708554981	15760.429144501897	0.6848956457339201	0.4305728383207715	-0.07389480766258708	0.5044676459833586	0.05895404343547291	0.1603349765186401	0.2569417411476975	0.4762307611018105
430.0	1537.26	36680.4	20827.739185220187	15852.660814779814	0.6889037262749345	0.4362565964983768	-0.07475413885880403	0.5110107353571808	0.05707888064531269	0.15334038946376205	0.27871388490274407	0.4891331550118188
431.0	1540.44	37072.7	20826.707409595165	16245.992590404832	0.7059966123876419	0.4544733183856103	-0.07561347005502098	0.5300867884406313	0.05529170401063591	0.1460825640466255	0.30289103033637493	0.5042652983936363
432.0	1543.61	37211.7	20825.576895036822	16386.123104963175	0.7120862168251545	0.47681951306841636	-0.07647009895187867	0.553289612020295	0.05359206809829793	0.13865256334688197	0.3296439484112315	0.5218885798564115
433.0	1546.79	37153.9	20824.349024204934	16329.550975795068	0.7096277809169769	0.48040918871188687	-0.07732943014809562	0.5577386188599824	0.05196408226531992	0.13106963518041445	0.3594026713396503	0.5424363887853847
434.0	1549.96	37388.8	20823.025196145398	16565.774803854605	0.7198932800206619	0.49922716219201	-0.0781860590449534	0.5774132212369634	0.050413281131458175	0.12344530220821473	0.39222573557946827	0.5660843189191411
435.0	1553.13	37553.0	20821.60682623366	16731.39317376634	0.7270905015789129	0.513436484118929	-0.07904268794181116	0.5924791720607401	0.048930125453021715	0.1158166944457656	0.42840644813312817	0.5931532680319155
436.0	1556.3	37818.2	20820.095346410937	16998.10465358906	0.7386808922670723	0.5392252593296821	-0.07989931683866888	0.619124576168351	0.04751066036498386	0.10824102229123621	0.46806980508200907	0.6238214877382291
437.0	1559.47	38217.1	20818.492205349838	17398.60779465016	0.7560854219851731	0.572292012643992	-0.08075594573552664	0.6530479583795186	0.046151240112107104	0.10077126882297464	0.5112064274333954	0.6581289363684771
438.0	1562.64	38679.3	20816.79886872107	17862.501131278932	0.7762446780199533	0.610715284373107	-0.08161257463238442	0.6923278590054913	0.044848495483183	0.09345567745119877	0.557599374798945	0.6959035477333267
439.0	1565.81	39264.1	20815.016819593937	18449.08318040606	0.8017355759916626	0.6437478343962598	-0.08246920352924211	0.726217037925502	0.04359930551833171	0.08633736198517236	0.6067336934269741	0.7366703609304782
440.0	1568.98	40074.4	20813.147558900233	19261.25244109977	0.8370297412169863	0.685719424902637	-0.0833258324260999	0.769045257328737	0.04240077289619277	0.07945403936085722	0.6576962585124435	0.7795510707694935
441.0	1572.14	40785.4	20811.19260602084	19974.207393979163	0.8680123837804901	0.7167147886413023	-0.0841797590235985	0.8008945476649009	0.04125375930072444	0.07285830387830211	0.7089233182044485	0.8230353813834751
442.0	1575.31	41769.2	20809.153499597902	20960.046500402095	0.9108536608290171	0.7653112966981515	-0.0850363879204562	0.8503476846186077	0.04014849977191144	0.06653494360824423	0.758801644968666	0.8654850883488217
443.0	1578.47	42502.9	20807.03179824776	21695.86820175224	0.9428300159568245	0.7939526002880515	-0.08589031451795481	0.8798429148060063	0.03908963832826583	0.06054481483830605	0.8045850389072154	0.9042194920737874
444.0	1581.63	42944.3	20804.8290815468	22139.470918453204	0.9621075093752203	0.8148116495783169	-0.08674424111545342	0.9015558906937703	0.03807144593552039	0.05488312046518373	0.8436700762337869	0.936624642634491
445.0	1584.79	43201.8	20802.54695076725	22399.253049232753	0.9733967736826241	0.8361365448763849	-0.08759816771295195	0.9237347125893368	0.03709188841199995	0.04956045841205481	0.8732634937471485	0.9599158405712033
446.0	1587.95	43110.8	20800.18702932081	22310.612970679194	0.9695447717299981	0.8439723494302594	-0.08845209431045056	0.93242444374071	0.03614905841643046	0.04458271492863443	0.8909689685420601	0.971700741887125
447.0	1591.11	42941.9	20797.750963018443	22144.14903698156	0.9623108047919199	0.8463587670461122	-0.08930602090794909	0.9356647879540614	0.03524116546763856	0.03995143539195794	0.8952320100118998	0.9704246108714962
448.0	1594.27	42474.4	20795.240419981732	21679.15958001827	0.942103915026013	0.8286521794386382	-0.0901599475054477	0.9188121269440859	0.034366527003970776	0.03566423733720864	0.8856645071588845	0.9556952715000638
449.0	1597.42	41987.9	20792.65709047639	21195.24290952361	0.9210745117349567	0.8100779584209877	-0.09101117180358712	0.9010891302245748	0.03352617958840379	0.031727224452762756	0.8632199252359478	0.9284733292771143
450.0	1600.58	41576.4	20790.00268644728	20786.397313552723	0.9033074467717773	0.7887709165701586	-0.09186509840108567	0.8806360149712443	0.03271330139410409	0.02810653194560574	0.8296771379914273	0.8904969713311371
451.0	1603.73	40874.8	20787.278941034507	20087.521058965496	0.872936617444417	0.7589766966984957	-0.09271632269922508	0.8516930193977208	0.0319316425120714	0.02481370136717042	0.7878335437198938	0.8445788875991356
452.0	1606.88	40212.8	20784.48760816457	19428.312391835432	0.8442896090661619	0.726751364450577	-0.09356754699736453	0.8203189114479414	0.03117727183262294	0.02182333114008818	0.7404003252195897	0.7934009281923008
453.0	1610.03	39337.3	20781.630461851473	18555.66953814853	0.8063674633370602	0.6901802732602517	-0.09441877129550388	0.7845990445557556	0.030448951135621207	0.019120345498670595	0.6900172067671392	0.739586503401431
454.0	1613.18	38536.4	20778.709295537537	17757.690704462464	0.7716899667049283	0.6579920827038093	-0.09526999559364333	0.7532620782974526	0.029745510903161472	0.01668843571944126	0.6389126225761074	0.6853465691987101
455.0	1616.33	37713.0	20775.725921220754	16937.274078779246	0.7360373985250718	0.6223060003178095	-0.09612121989178271	0.7184272202095922	0.029065845784045027	0.014510444839265484	0.588796115272917	0.6323724058962275
456.0	1619.48	36915.4	20772.68216865679	16142.717831343212	0.7015086360675175	0.5833545897922375	-0.09697244418992212	0.6803270339821597	0.02840891041876842	0.012568719225504243	0.5408610256934044	0.5818386553376771
457.0	1622.63	35847.8	20769.579884538587	15078.220115461416	0.655249118397246	0.5460747803920384	-0.09782366848806157	0.6438984488801	0.027773715588460486	0.010845423721927679	0.4958526131744179	0.534471752484806
458.0	1625.77	34634.7	20766.4209317018	13868.279068298198	0.6026691190077041	0.4966286899866323	-0.09867219048684175	0.5953008804734741	0.02716124313339656	0.009327352995678903	0.45428955749313504	0.4907781536222105
459.0	1628.92	33495.7	20763.207188060296	12732.492811939701	0.5533116393139652	0.45149772595956533	-0.0995234147849812	0.5510211407445466	0.026566706877676798	0.007987476056684149	0.41604055645929466	0.45059473939365563
460.0	1632.06	32246.8	20759.940545396235	11486.859454603764	0.4991805712574887	0.3932632753032079	-0.10037193678376138	0.4936352120869693	0.025993046173750117	0.0068175385879139004	0.38130664783202056	0.4141172325936846
461.0	1635.2	31056.2	20756.62290822426	10299.57709177574	0.4475852426593921	0.35097982654630006	-0.10122045878254166	0.4522002853288417	0.02543755220917292	0.005796973724040116	0.3498090732600295	0.38104359919324254
462.0	1638.34	29889.4	20753.25619254588	9136.143807454122	0.39702631541014466	0.29768326040900794	-0.10206898078132184	0.3997522411903298	0.024899474918427773	0.004910556932348373	0.32133312020317206	0.3511431520539482
463.0	1641.48	28982.0	20749.84232466218	8232.157675337821	0.35774209541755064	0.2560190992617871	-0.10291750278010212	0.35893660204188926	0.02437810209459842	0.004143962921927831	0.29563407204787034	0.3241561370643966
464.0	1644.62	28087.4	20746.383240010375	7341.016759989627	0.3190160856711576	0.2099125583173569	-0.1037660247788823	0.3136785830962392	0.023872757144351917	0.0034838276596321507	0.2724590256298699	0.29981561043385396
465.0	1647.76	27217.9	20742.880882259844	6475.0191177401575	0.2813827186508557	0.16983424292402804	-0.10461454677766258	0.2744487897016906	0.023382796995793344	0.002917784121282986	0.2515606143641217	0.27786119548119803
466.0	1650.89	26554.9	20739.337202420975	5815.562797579027	0.25272494809848234	0.14493511827713013	-0.10546036647708365	0.2503954847542138	0.02290910065395551	0.002435894206489741	0.23276209126861522	0.25810708612906047
467.0	1654.03	25887.1	20735.754157979172	5151.345842020826	0.22386029622171838	0.10956122479788082	-0.10630888847586387	0.21587011327374467	0.02244806105023219	0.00202475059858203	0.21572787586921052	0.24020068751802476
468.0	1657.16	25149.3	20732.133712235416	4417.166287764583	0.1919553033254819	0.07552976743961323	-0.10715470817528494	0.18268447561489817	0.022002064765213984	0.0016776597244676846	0.20037123687533348	0.22405096136501515
469.0	1660.29	24636.0	20728.47783364201	3907.5221663579905	0.1698078708904309	0.05160692080388435	-0.10800052787470599	0.15960744867859034	0.021569098947557833	0.0013848488329187606	0.18645982845863668	0.20941377623911328
470.0	1663.43	24170.1	20724.78849506843	3445.3115049315675	0.14972173830354077	0.026708469451136307	-0.10884904987348623	0.13555751932462254	0.021147342251386612	0.0011381330399916072	0.1737985250542212	0.19608400034559942
471.0	1666.56	23914.1	20721.067673291676	3193.032326708322	0.1387585272710094	0.011283942575814165	-0.10969486957290728	0.12097881214872144	0.02073900541182794	9.324350677059896E-4	0.16232824056097242	0.18399968104050635
472.0	1669.68	23633.6	20717.317348534034	2916.2826514659646	0.1267319101152265	0.0010059639068642212	-0.11053798697296918	0.1115439508798334	0.020343522689016486	7.615435273980486E-4	0.15191500829759533	0.17302007451400986
473.0	1672.81	23460.0	20713.539504210825	2746.460495789175	0.11935200605894918	-0.022449522975195355	-0.11138380667239023	0.08893428369719487	0.019957928555241176	6.192383076933477E-4	0.142383062837477	0.16296022970041152
474.0	1675.94	23527.6	20709.736126653646	2817.863873346352	0.12245495851863306	-0.03142968227399365	-0.1122296263718113	0.08079994409781766	0.019583097007877946	5.016340953238699E-4	0.13367073710502217	0.153755468208224
475.0	1679.06	23635.7	20705.90920494054	2929.79079505946	0.1273189289485532	-0.037231463371856816	-0.11307274377187318	0.07584128040001636	0.01921978310103912	4.051188843583284E-4	0.125717077062531	0.14534197904792845
476.0	1682.19	23713.1	20702.060730967423	3011.0392690325752	0.13084971643768226	-0.05466703990513047	-0.11391856347129425	0.05925152356616378	0.018865283253164094	3.2572360786277117E-4	0.11839586502723659	0.13758687188826346
477.0	1685.31	23944.6	20698.19269955999	3246.407300440009	0.14107802547533002	-0.05976749767842951	-0.11476168087135613	0.05499418319292662	0.01852150615108873	2.6109143018533497E-4	0.11168763969695644	0.1304702372782305
478.0	1688.43	23910.0	20694.30710855497	3215.692891445029	0.13974327977842804	-0.070227696588712	-0.11560479827141804	0.045377101682706034	0.018186963604972444	2.0850312540820597E-4	0.10550952732626291	0.12390499405664357
479.0	1691.55	23664.1	20690.405959035503	2973.694040964496	0.12922681747609588	-0.07068683822194846	-0.11644791567147988	0.04576107744953142	0.01786133055127544	1.658857547108594E-4	0.09980970852756121	0.11783692483354752
480.0	1694.67	23454.2	20686.491255300407	2767.708744699594	0.12027538403456052	-0.07830148593554546	-0.11729103307154182	0.03898954713599635	0.01754429598384158	1.3148680972128383E-4	0.09454219901841521	0.11221798181197806
481.0	1697.79	23283.0	20682.5650046222	2600.4349953778	0.11300622521244492	-0.07754290596176662	-0.11813415047160367	0.040591244509837046	0.01723556223700778	1.0383215192701153E-4	0.08966613354271297	0.10700552793164776
482.0	1700.91	23236.8	20678.629217041096	2558.170782958903	0.11116956360947239	-0.08802526683888115	-0.1189772678716656	0.03095200103278445	0.016934844310620947	8.168796801378444E-5	0.08514513992682189	0.10216167220545662
483.0	1704.03	23270.7	20674.685905197755	2596.0140948022454	0.11281410762943632	-0.09578115751213799	-0.11982038527172745	0.024039227759589457	0.01664186923421277	6.402666822561555E-5	0.0809467928210427	0.09765268872348108
484.0	1707.14	23221.3	20670.737084291	2550.5629157090007	0.11083895109219853	-0.09202529504567113	-0.12066080037243021	0.028635505326759084	0.016357278830391613	5.003652888686666E-5	0.077054211470582	0.09346152682986048
485.0	1710.26	23248.0	20666.784772115665	2581.215227884335	0.1121709982685844	-0.09725938247689103	-0.12150391777249206	0.024244535295601027	0.016078992913618726	3.892676654408188E-5	0.07341652842961471	0.08953444810977752
486.0	1713.37	23080.3	20662.830989017155	2417.4690109828443	0.10505513423131885	-0.10222167795695147	-0.12234433287319474	0.020122654916243266	0.015808556659516585	3.0195577374425117E-5	0.07003400912152603	0.08587276135841704
487.0	1716.48	22728.2	20658.877757922077	2069.322242077924	0.08992583769293773	-0.10759619599616806	-0.1231847479738975	0.015588551977729445	0.015544838357207779	2.3335940426461933E-5	0.0668739405869056	0.08244211488453984
488.0	1719.59	22371.3	20654.9271041745	1716.3728958254978	0.07458783717299312	-0.11048780249229685	-0.12402516307460018	0.013537360582303329	0.01528761889673654	1.79677724147065E-5	0.06391776106511117	0.07922334773426241
489.0	1722.7	22026.6	20650.98105518782	1375.6189448121768	0.05977980782456201	-0.11430009238613956	-0.12486557817530294	0.010565485789163387	0.015036687964900984	1.3783202288989297E-5	0.06114874885131579	0.07619922001850576
490.0	1725.81	21645.2	20647.041640091807	998.1583599081932	0.043376630686006536	-0.11855710608570563	-0.12570599327600562	0.007148887190299991	0.014791843627933733	1.0533991986257894E-5	0.05855181486041583	0.07335419248033583
491.0	1728.92	21403.0	20643.110889391835	759.8891106081646	0.03302224440238119	-0.11580350460818703	-0.12654640837670839	0.010742903768521356	0.014552891936923384	8.020894399395757E-6	0.05611332090529176	0.07067423373661454
492.0	1732.02	21103.9	20639.190834591434	464.70916540856706	0.02019470923049099	-0.12480957654268493	-0.1273841211780519	0.0025745446353669654	0.01432038758800577	6.090149561128727E-6	0.05382806946024427	0.06815454719781117
493.0	1735.12	20857.9	20635.283507954016	222.61649204598507	0.009674169698865379	-0.1380055186641398	-0.1282218339793954	-0.009783684684744387	0.014093375538412705	4.607129667639322E-6	0.05167688352542645	0.0657748661935068
494.0	1738.23	20828.9	20631.3909422077	197.50905779230015	0.008583084409357358	-0.12948245632802785	-0.12906224908009817	-4.2020724792968256E-4	0.013870978558986889	3.4692173379051905E-6	0.0496433405092024	0.06351778828552719
495.0	1741.33	20796.3	20627.51517030321	168.78482969678953	0.007334825331555139	-0.12637144791211422	-0.12989996188144168	0.0035285139693274625	0.01365446241776032	2.605094318738011E-6	0.047731329414379374	0.061388396926458436
496.0	1744.43	20742.0	20623.65822538878	118.3417746112209	0.0051427385254877705	-0.13395906742521937	-0.13073767468278527	-0.003221392742434104	0.013442945761322204	1.9490039234210802E-6	0.04592576833690758	0.05937066310215321
497.0	1747.53	20581.0	20619.822140781424	-38.82214078142351	-0.0016870806584947564	-0.13345924285558375	-0.13157538748412878	-0.0018838553714549677	0.0132362767807671	1.4527781286090656E-6	0.044219039519902956	0.05745676907879867
498.0	1750.63	20548.1	20616.008949916515	-67.90894991651658	-0.0029510962980605444	-0.13974955179301282	-0.13241310028547235	-0.007336451507540476	0.013034309350399472	1.0789049623023922E-6	0.042604182024524095	0.05563957027988587
499.0	1753.73	20619.4	20612.220647446105	7.179352553896024	3.1199069887430337E-4	-0.12803330084899903	-0.13325081308681588	0.005217512237816857	0.012836902775920037	7.982968327539006E-7	0.04107482627257172	0.05391252734532451
500.0	1756.83	20490.4	20608.45916018121	-118.05916018120843	-0.005130457045664955	-0.13887419104817164	-0.1340885258881594	-0.004785665160012248	0.012643921555449697	5.884952202137826E-7	0.039625135908827415	0.052269645959497325
501.0	1759.92	20522.2	20604.726414940025	-82.52641494002455	-0.003586322538061822	-0.13581685336253593	-0.13492353639014382	-8.933169723921164E-4	0.012455837049531173	4.3266693198156804E-7	0.0382540786998553	0.050710348416318454
502.0	1763.01	20485.2	20601.02422059965	-115.82422059965029	-0.005033334031192881	-0.13908736350783213	-0.13575854689212816	-0.0033288166157039722	0.01227189511479349	3.1693639191238785E-7	0.03695198056280933	0.04922419261399473
503.0	1766.11	20522.7	20597.354303593296	-74.65430359329548	-0.0032442268543292374	-0.13397239052751014	-0.13659625969347167	0.002623869165961523	0.012091399798383192	2.3107498686322372E-7	0.035710453145630434	0.04780208401900049
504.0	1769.2	20572.7	20593.71827464577	-21.018274645768543	-9.133840616737525E-4	-0.1374073512258055	-0.1374312701954561	2.3918969650593702E-5	0.011915399484122263	1.680279278458986E-7	0.034533365713997934	0.04644893322604804
505.0	1772.29	20683.4	20590.11766990224	93.28233009776159	0.004053738709910637	-0.13820037648698313	-0.13826628069744043	6.5904210457296E-5	0.011743193814947971	1.217356131242333E-7	0.03341280320996662	0.04515611876052771
506.0	1775.38	20698.2	20586.554004510628	111.64599548937258	0.004851762313907274	-0.1407378415626018	-0.13910129119942483	-0.0016365503631769751	0.011574675061977912	8.7874216223704E-8	0.03234524924723595	0.043920012183430085
507.0	1778.47	20763.1	20583.028793712143	180.0712062878556	0.007825293586731494	-0.13783630305865852	-0.1399363017014092	0.002099998642750678	0.011409739271932777	6.319939526499577E-8	0.03132745314787746	0.0427372556192055
508.0	1781.56	20778.4	20579.543552859643	198.8564471403588	0.00864163745313127	-0.14656085198087612	-0.14077131220339353	-0.0057895397774825885	0.011248286110314367	4.5286840452536255E-8	0.030356406533562467	0.041604737930717284
509.0	1784.64	20759.8	20576.099797486055	183.70020251394453	0.007982997649916867	-0.1448807842426358	-0.14160362040601876	-0.003277163836617053	0.011090724897503268	3.236792815776957E-8	0.029432254446468	0.040523011711899426
510.0	1787.73	20797.2	20572.699043323162	224.50095667683854	0.009756062241789019	-0.14610219997452822	-0.14243863090800313	-0.0036635690665250964	0.01093593921783489	2.3024724194074135E-8	0.028546417641554255	0.039482379884113336
511.0	1790.81	20867.2	20569.34280628646	297.8571937135421	0.012943879456232734	-0.14352981039313814	-0.1432709391106283	-2.588712825098427E-4	0.010784841196420095	1.6336839468311316E-8	0.02770224609032937	0.03848710362358893
512.0	1793.9	20875.2	20566.032602515937	309.16739748406326	0.013435383161098262	-0.14081300363397786	-0.1441059496126127	0.0032929459786348314	0.010636362614598665	1.1536339076327598E-8	0.026892033156767296	0.03752840730770504
513.0	1796.98	21027.8	20562.76994844944	465.0300515505587	0.020208653871173765	-0.13664695731314078	-0.1449382578152379	0.008291300502097115	0.010491380726481566	8.125916266140784E-9	0.026118961845091108	0.03661035069748894
